0005174-page14.jpg, 479, 384, 634, 412, 0.17, 0
0010166-page12.jpg, 689, 671, 755, 699, 0.0, 0
0112086-page08.jpg, 759, 825, 950, 854, 0.2, 0
0112086-page08.jpg, 875, 998, 1026, 1023, 0.41, 0
0112086-page08.jpg, 803, 1070, 954, 1095, 0.0, 0
0204060-page06.jpg, 354, 229, 447, 257, 0.0, 0
0112086-page06.jpg, 744, 377, 935, 405, 0.03, 0
0112086-page06.jpg, 198, 933, 373, 963, 0.0, 0
0112086-page06.jpg, 529, 1316, 605, 1354, 0.0, 0
0112086-page06.jpg, 782, 1324, 852, 1349, 0.55, 0
0112086-page06.jpg, 489, 1448, 566, 1473, 0.86, 0
0112086-page06.jpg, 862, 1576, 910, 1601, 0.25, 0
0112086-page06.jpg, 1075, 1726, 1267, 1752, 0.21, 0
0205166-page17.jpg, 915, 322, 1024, 350, 0.21, 0
0006050-page21.jpg, 377, 458, 480, 482, 0.0, 0
0006050-page21.jpg, 488, 550, 551, 575, 0.63, 0
0109075-page15.jpg, 1002, 1161, 1157, 1191, 0.0, 0
0112086-page11.jpg, 823, 538, 1002, 564, 0.44, 0
0112086-page11.jpg, 884, 618, 983, 644, 0.3, 0
0112163-page05.jpg, 979, 590, 1105, 615, 0.49, 0
0205166-page18.jpg, 764, 485, 867, 513, 0.55, 0
0006216-page06.jpg, 747, 840, 798, 868, 0.6, 0
0108188-page05.jpg, 1048, 421, 1123, 441, 0.54, 0
0205166-page11.jpg, 693, 891, 807, 918, 0.28, 0
0205166-page11.jpg, 696, 940, 807, 968, 0.0, 0
0205166-page11.jpg, 860, 941, 974, 968, 0.37, 0
0206188-page07.jpg, 916, 999, 1053, 1027, 0.02, 0
0204150-page03.jpg, 231, 1411, 389, 1438, 0.0, 0
0207049-page04.jpg, 473, 399, 577, 421, 0.0, 0
0205166-page16.jpg, 784, 362, 878, 389, 0.0, 0
0205166-page16.jpg, 779, 851, 874, 878, 0.28, 0
0112086-page07.jpg, 735, 974, 812, 998, 0.0, 0
0112086-page07.jpg, 688, 1129, 756, 1153, 0.77, 0
0112086-page07.jpg, 939, 1239, 1023, 1264, 0.84, 0
0112086-page07.jpg, 932, 1673, 1086, 1698, 0.31, 0
0112086-page07.jpg, 770, 1752, 923, 1777, 0.4, 0
0205166-page23.jpg, 429, 320, 524, 348, 0.41, 0
0205166-page23.jpg, 962, 320, 1055, 348, 0.3, 0
0205166-page23.jpg, 1083, 370, 1176, 397, 0.49, 0
0205166-page23.jpg, 450, 440, 545, 453, 0.11, 0
0205166-page23.jpg, 554, 429, 693, 459, 0.31, 0
0205166-page23.jpg, 735, 429, 988, 459, 0.0, 0
0205166-page23.jpg, 550, 478, 678, 509, 0.27, 0
0205166-page23.jpg, 836, 481, 915, 509, 0.07, 0
0205166-page23.jpg, 411, 606, 492, 623, 0.01, 0
0205166-page23.jpg, 512, 606, 582, 619, 0.3, 0
0205166-page23.jpg, 552, 598, 604, 625, 0.0, 0
0205166-page23.jpg, 833, 599, 886, 626, 0.2, 0
0205166-page23.jpg, 1024, 595, 1132, 649, 0.0, 0
0205166-page23.jpg, 411, 638, 506, 665, 0.01, 0
0205166-page23.jpg, 514, 637, 643, 665, 0.0, 0
0205166-page23.jpg, 696, 637, 788, 665, 0.0, 0
0205166-page23.jpg, 797, 638, 916, 665, 0.0, 0
0205166-page23.jpg, 647, 885, 744, 912, 0.57, 0
0205166-page23.jpg, 647, 925, 743, 952, 0.14, 0
0004120-page07.jpg, 778, 591, 867, 619, 0.62, 0
0108158-page14.jpg, 127, 728, 253, 762, 0.36, 0
0108227-page02.jpg, 480, 589, 575, 616, 0.12, 0
0112086-page09.jpg, 865, 437, 924, 461, 0.77, 0
0112086-page09.jpg, 1029, 430, 1089, 465, 0.45, 0
0112086-page09.jpg, 912, 862, 1066, 887, 0.25, 0
0112086-page09.jpg, 887, 941, 1042, 966, 0.02, 0
0112086-page09.jpg, 891, 1149, 1045, 1174, 0.78, 0
0112086-page09.jpg, 1053, 1149, 1214, 1174, 0.21, 0
0112086-page09.jpg, 863, 1222, 912, 1247, 0.63, 0
0112086-page09.jpg, 603, 1295, 758, 1320, 0.37, 0
0112086-page09.jpg, 466, 1439, 672, 1464, 0.78, 0
0205166-page15.jpg, 801, 327, 907, 354, 0.03, 0
0205166-page15.jpg, 802, 376, 905, 404, 0.0, 0
0205166-page15.jpg, 959, 376, 1065, 404, 0.25, 0
0205166-page15.jpg, 610, 485, 783, 516, 0.4, 0
0205166-page15.jpg, 900, 485, 1069, 516, 0.32, 0
0205166-page15.jpg, 610, 536, 743, 565, 0.23, 0
0205166-page15.jpg, 896, 535, 1069, 565, 0.0, 0
0206235-page17.jpg, 503, 1405, 631, 1443, 0.5, 0
0205166-page20.jpg, 542, 1511, 636, 1538, 0.58, 0
0108158-page10.jpg, 804, 777, 894, 820, 0.3, 0
0006050-page09.jpg, 1073, 1328, 1171, 1354, 0.48, 0
0203147-page30.jpg, 1040, 897, 1192, 925, 0.57, 0
0210138-page04.jpg, 644, 1074, 732, 1103, 0.32, 0
0210138-page04.jpg, 978, 1074, 1050, 1103, 0.2, 0
0210138-page03.jpg, 749, 613, 815, 642, 0.0, 0
0006050-page32.jpg, 601, 448, 700, 472, 0.4, 0
0006050-page32.jpg, 736, 447, 856, 472, 0.21, 0
0006050-page32.jpg, 896, 521, 1003, 545, 0.0, 0
0211037-page13.jpg, 735, 322, 836, 349, 0.62, 0
0211037-page13.jpg, 742, 942, 796, 969, 0.0, 0
0211037-page13.jpg, 589, 961, 695, 989, 0.0, 0
0211037-page13.jpg, 741, 980, 855, 1009, 0.0, 0
0211037-page13.jpg, 836, 1281, 913, 1318, 0.3, 0
0211037-page13.jpg, 433, 1657, 513, 1686, 0.2, 0
0301236-page05.jpg, 601, 1482, 732, 1512, 0.14, 0
0209196-page08.jpg, 505, 1225, 575, 1253, 0.14, 0
0209196-page08.jpg, 490, 1719, 574, 1747, 0.64, 0
0204060-page02.jpg, 922, 1299, 1021, 1326, 0.32, 0
0203147-page29.jpg, 363, 1564, 515, 1592, 0.25, 0
0304257-page08.jpg, 280, 378, 430, 405, 0.44, 0
0207252-page14.jpg, 546, 1506, 648, 1535, 0.38, 0
0211037-page03.jpg, 700, 1475, 807, 1502, 0.38, 0
0112163-page11.jpg, 510, 1057, 583, 1082, 0.36, 0
0209131-page05.jpg, 666, 1544, 705, 1569, 0.0, 0
0209131-page05.jpg, 818, 1624, 891, 1649, 0.12, 0
0212105-page03.jpg, 738, 1285, 842, 1313, 0.25, 0
0112163-page18.jpg, 399, 1010, 487, 1039, 0.21, 0
0112163-page18.jpg, 396, 1073, 487, 1102, 0.44, 0
0303157-page07.jpg, 769, 716, 836, 738, 0.32, 0
0303157-page07.jpg, 905, 716, 980, 737, 0.3, 0
0001125-page04.jpg, 509, 1051, 640, 1079, 0.49, 0
