0102026-page09.jpg, 1229, 577, 1288, 605, 0.87, 0
0102026-page09.jpg, 235, 612, 303, 640, 0.84, 0
0106249-page07.jpg, 433, 1096, 491, 1123, 0.0, 0
0106213-page22.jpg, 681, 852, 747, 881, 0.88, 0
0106213-page22.jpg, 1248, 1129, 1302, 1154, 0.9, 0
0106213-page22.jpg, 224, 1162, 278, 1187, 0.9, 0
0106213-page22.jpg, 202, 1195, 256, 1220, 0.9, 0
0106213-page22.jpg, 1113, 1569, 1168, 1593, 0.89, 0
0002177-page22.jpg, 415, 322, 484, 349, 0.69, 0
0002177-page22.jpg, 498, 322, 558, 349, 0.9, 0
0002177-page22.jpg, 790, 321, 849, 349, 0.78, 0
0209235-page31.jpg, 697, 1297, 759, 1322, 0.0, 0
0209235-page31.jpg, 704, 1473, 758, 1498, 0.84, 0
0209235-page31.jpg, 822, 1473, 877, 1498, 0.91, 0
0301236-page16.jpg, 447, 1168, 574, 1196, 0.1, 0
0106213-page23.jpg, 731, 370, 794, 395, 0.72, 0
0208171-page22.jpg, 247, 804, 323, 828, 0.89, 0
0208171-page22.jpg, 270, 1017, 345, 1042, 0.89, 0
0208171-page22.jpg, 383, 1059, 445, 1084, 0.81, 0
0102026-page14.jpg, 1068, 909, 1141, 936, 0.88, 0
0102026-page13.jpg, 1128, 1587, 1187, 1614, 0.91, 0
0002177-page21.jpg, 1132, 934, 1192, 962, 0.84, 0
0002177-page21.jpg, 815, 1133, 875, 1160, 0.86, 0
0106213-page21.jpg, 615, 1207, 670, 1232, 0.81, 0
