0206135-page31.jpg, 466, 778, 563, 800, 0.42, 0
0206135-page31.jpg, 980, 1622, 1090, 1639, 0.51, 0
0101226-page14.jpg, 741, 1048, 839, 1068, 0.91, 0
0101226-page14.jpg, 513, 1083, 623, 1104, 0.9, 0
0209112-page12.jpg, 355, 647, 444, 665, 0.75, 0
0203147-page07.jpg, 934, 323, 1016, 348, 0.1, 0
0203147-page07.jpg, 298, 617, 448, 643, 0.58, 0
0203147-page07.jpg, 251, 947, 403, 972, 0.92, 0
0203147-page07.jpg, 928, 1552, 1082, 1578, 0.4, 0
0204151-page10.jpg, 995, 1170, 1169, 1195, 0.9, 0
0204151-page10.jpg, 226, 1691, 346, 1712, 0.79, 0
0204151-page10.jpg, 360, 1796, 468, 1816, 0.94, 0
0304257-page13.jpg, 1187, 992, 1313, 1018, 0.37, 0
0301236-page07.jpg, 335, 1315, 424, 1335, 0.44, 0
0205123-page25.jpg, 312, 361, 391, 382, 0.85, 0
0205123-page25.jpg, 406, 361, 493, 381, 0.77, 0
0112163-page12.jpg, 559, 202, 698, 225, 0.65, 0
0112163-page12.jpg, 488, 469, 608, 493, 0.91, 0
0112163-page12.jpg, 593, 535, 740, 559, 0.69, 0
0211126-page07.jpg, 773, 1141, 853, 1166, 0.91, 0
0211126-page07.jpg, 918, 1141, 997, 1166, 0.92, 0
0205123-page22.jpg, 751, 516, 871, 537, 0.61, 0
0206135-page36.jpg, 889, 1204, 1066, 1225, 0.92, 0
0206135-page36.jpg, 432, 1252, 528, 1270, 0.54, 0
0206135-page36.jpg, 475, 1465, 574, 1482, 0.0, 0
0206135-page36.jpg, 938, 1465, 1034, 1482, 0.92, 0
0206135-page36.jpg, 477, 1639, 598, 1657, 0.89, 0
0206135-page36.jpg, 1018, 1639, 1139, 1657, 0.76, 0
0206188-page19.jpg, 263, 1001, 412, 1026, 0.43, 0
0205166-page01.jpg, 298, 1569, 371, 1586, 0.88, 0
0205166-page01.jpg, 298, 1627, 371, 1644, 0.82, 0
0206135-page44.jpg, 704, 606, 800, 627, 0.64, 0
0206135-page44.jpg, 581, 867, 708, 889, 0.42, 0
0206135-page44.jpg, 432, 1328, 528, 1350, 0.78, 0
0206135-page44.jpg, 431, 1564, 527, 1586, 0.66, 0
0206135-page44.jpg, 551, 1593, 647, 1615, 0.21, 0
0206135-page38.jpg, 750, 314, 867, 331, 0.45, 0
0206135-page38.jpg, 599, 343, 717, 360, 0.91, 0
0206135-page38.jpg, 334, 372, 450, 389, 0.89, 0
0206188-page17.jpg, 536, 584, 641, 603, 0.88, 0
0207252-page06.jpg, 295, 1120, 375, 1141, 0.34, 0
0207252-page06.jpg, 546, 1241, 626, 1262, 0.89, 0
0209131-page01.jpg, 629, 790, 723, 805, 0.12, 0
0005144-page17.jpg, 787, 1092, 874, 1118, 0.65, 0
0210135-page14.jpg, 423, 1674, 535, 1700, 0.86, 0
0211002-page05.jpg, 525, 1166, 647, 1193, 0.86, 0
0006246-page05.jpg, 671, 278, 786, 301, 0.68, 0
0203147-page09.jpg, 806, 850, 889, 870, 0.68, 0
0002177-page08.jpg, 389, 1146, 507, 1172, 0.83, 0
0109075-page03.jpg, 629, 383, 727, 401, 0.82, 0
0206212-page04.jpg, 978, 224, 1060, 241, 0.68, 0
0206212-page04.jpg, 367, 336, 451, 353, 0.91, 0
0206212-page04.jpg, 442, 1437, 530, 1454, 0.69, 0
0206212-page04.jpg, 336, 1465, 420, 1482, 0.91, 0
0302174-page26.jpg, 397, 1184, 536, 1204, 0.9, 0
0110159-page02.jpg, 847, 784, 959, 810, 0.9, 0
0106249-page07.jpg, 400, 204, 519, 224, 0.9, 0
0106249-page07.jpg, 603, 629, 722, 653, 0.72, 0
0106249-page07.jpg, 358, 736, 507, 759, 0.19, 0
0106249-page07.jpg, 194, 768, 312, 792, 0.9, 0
0106249-page07.jpg, 932, 768, 1086, 792, 0.8, 0
0106249-page07.jpg, 549, 1504, 667, 1528, 0.88, 0
0106249-page07.jpg, 238, 1731, 356, 1754, 0.5, 0
0106213-page22.jpg, 446, 791, 596, 823, 0.01, 0
0106232-page05.jpg, 666, 990, 767, 1010, 0.63, 0
0106232-page05.jpg, 418, 1716, 544, 1736, 0.21, 0
0202106-page01.jpg, 187, 1549, 266, 1569, 0.66, 0
0106213-page25.jpg, 656, 1112, 758, 1130, 0.92, 0
0205123-page19.jpg, 367, 322, 523, 348, 0.64, 0
0205123-page19.jpg, 446, 1325, 623, 1345, 0.8, 0
0102066-page01.jpg, 481, 787, 567, 807, 0.6, 0
0110159-page05.jpg, 825, 186, 905, 207, 0.84, 0
0110159-page05.jpg, 916, 1362, 996, 1382, 0.67, 0
0011057-page07.jpg, 698, 1186, 812, 1212, 0.87, 0
0011057-page07.jpg, 251, 1362, 361, 1382, 0.87, 0
0011057-page07.jpg, 531, 1647, 663, 1668, 0.87, 0
0004120-page19.jpg, 385, 1439, 516, 1464, 0.83, 0
0004120-page19.jpg, 540, 1505, 654, 1530, 0.9, 0
0004120-page19.jpg, 843, 1613, 974, 1639, 0.88, 0
0205123-page17.jpg, 684, 794, 794, 815, 0.92, 0
0205123-page17.jpg, 395, 1609, 511, 1629, 0.38, 0
0205123-page17.jpg, 775, 1725, 933, 1751, 0.19, 0
0009239-page02.jpg, 1118, 952, 1264, 974, 0.22, 0
0009239-page02.jpg, 862, 1409, 1008, 1431, 0.0, 0
0203071-page11.jpg, 991, 844, 1096, 865, 0.84, 0
0203071-page11.jpg, 1019, 933, 1130, 955, 0.89, 0
0203071-page11.jpg, 488, 978, 605, 1000, 0.91, 0
0203071-page11.jpg, 889, 1112, 975, 1134, 0.92, 0
0203071-page11.jpg, 1176, 1203, 1281, 1224, 0.92, 0
0203071-page11.jpg, 1067, 1247, 1159, 1269, 0.88, 0
0203071-page11.jpg, 712, 1292, 806, 1313, 0.47, 0
0203071-page11.jpg, 857, 1382, 962, 1403, 0.9, 0
0203071-page11.jpg, 448, 1561, 553, 1583, 0.91, 0
0203071-page11.jpg, 533, 1651, 638, 1672, 0.91, 0
0203071-page11.jpg, 417, 1695, 534, 1717, 0.91, 0
0301176-page01.jpg, 226, 1545, 308, 1565, 0.48, 0
0110192-page01.jpg, 860, 1217, 1002, 1240, 0.06, 0
0106249-page09.jpg, 886, 1240, 1034, 1264, 0.91, 0
0106249-page09.jpg, 585, 1274, 734, 1297, 0.76, 0
0106249-page09.jpg, 554, 1372, 707, 1396, 0.85, 0
0201229-page10.jpg, 315, 978, 420, 998, 0.9, 0
0205123-page10.jpg, 1024, 751, 1134, 771, 0.92, 0
0205123-page10.jpg, 225, 867, 310, 888, 0.76, 0
0205123-page10.jpg, 482, 906, 598, 926, 0.81, 0
0205123-page10.jpg, 431, 1319, 541, 1339, 0.86, 0
0205123-page10.jpg, 758, 1435, 868, 1456, 0.89, 0
0205123-page10.jpg, 959, 1552, 1069, 1572, 0.92, 0
0010166-page03.jpg, 402, 1341, 495, 1362, 0.55, 0
0206135-page15.jpg, 817, 1554, 901, 1576, 0.83, 0
0205123-page01.jpg, 761, 506, 981, 542, 0.91, 0
0112086-page08.jpg, 242, 1473, 336, 1497, 0.91, 0
0011057-page11.jpg, 1091, 417, 1193, 437, 0.86, 0
0011057-page11.jpg, 512, 641, 620, 667, 0.64, 0
0011057-page11.jpg, 672, 1184, 781, 1204, 0.92, 0
0011057-page11.jpg, 860, 1184, 975, 1209, 0.54, 0
0011057-page11.jpg, 939, 1278, 1047, 1299, 0.84, 0
0011057-page11.jpg, 1086, 1373, 1196, 1398, 0.84, 0
0011057-page11.jpg, 647, 1408, 761, 1428, 0.59, 0
0203147-page24.jpg, 694, 784, 810, 805, 0.9, 0
0203147-page24.jpg, 374, 889, 492, 915, 0.95, 0
0203147-page24.jpg, 983, 889, 1061, 910, 0.91, 0
0102026-page11.jpg, 750, 853, 927, 879, 0.9, 0
0203071-page07.jpg, 658, 529, 763, 550, 0.87, 0
0203071-page07.jpg, 1168, 1145, 1273, 1166, 0.91, 0
0203071-page07.jpg, 542, 1413, 683, 1444, 0.68, 0
0203071-page07.jpg, 927, 1498, 1021, 1520, 0.58, 0
0203071-page07.jpg, 411, 1747, 498, 1769, 0.9, 0
0206135-page12.jpg, 824, 489, 937, 510, 0.0, 0
0205123-page08.jpg, 667, 400, 776, 421, 0.77, 0
0202023-page11.jpg, 716, 317, 849, 342, 0.18, 0
0101232-page04.jpg, 727, 390, 837, 410, 0.91, 0
0101232-page04.jpg, 443, 506, 541, 526, 0.89, 0
0101232-page04.jpg, 336, 776, 445, 796, 0.4, 0
0207252-page22.jpg, 307, 716, 408, 741, 0.91, 0
0207252-page22.jpg, 872, 716, 979, 741, 0.83, 0
0207252-page22.jpg, 701, 1325, 838, 1351, 0.39, 0
0203071-page09.jpg, 1035, 629, 1121, 651, 0.9, 0
0203071-page09.jpg, 885, 1310, 979, 1332, 0.41, 0
0301176-page19.jpg, 717, 256, 798, 276, 0.89, 0
0110261-page15.jpg, 225, 1155, 367, 1175, 0.54, 0
0006108-page05.jpg, 1084, 414, 1207, 435, 0.0, 0
0112086-page06.jpg, 957, 905, 1061, 928, 0.91, 0
0112086-page06.jpg, 809, 970, 919, 994, 0.66, 0
0203147-page18.jpg, 691, 651, 845, 677, 0.91, 0
0209235-page03.jpg, 1173, 1003, 1278, 1027, 0.91, 0
0005144-page01.jpg, 571, 1271, 665, 1292, 0.91, 0
0010268-page02.jpg, 1069, 469, 1138, 486, 0.89, 0
0010268-page02.jpg, 508, 508, 601, 524, 0.88, 0
0010268-page02.jpg, 591, 585, 665, 602, 0.71, 0
0010268-page02.jpg, 916, 1312, 1000, 1329, 0.52, 0
0010268-page02.jpg, 512, 1351, 606, 1368, 0.92, 0
0010268-page02.jpg, 993, 1351, 1062, 1368, 0.91, 0
0205045-page03.jpg, 526, 1334, 671, 1351, 0.87, 0
0205045-page03.jpg, 1088, 1632, 1192, 1649, 0.8, 0
0109075-page12.jpg, 288, 849, 382, 868, 0.51, 0
0201168-page03.jpg, 1087, 367, 1193, 389, 0.83, 0
0201168-page03.jpg, 872, 865, 978, 882, 0.66, 0
0003239-page05.jpg, 639, 1527, 730, 1548, 0.9, 0
0003239-page05.jpg, 1203, 1527, 1293, 1548, 0.91, 0
0108188-page04.jpg, 859, 1073, 1010, 1089, 0.53, 0
0109075-page15.jpg, 799, 833, 900, 851, 0.55, 0
0210135-page05.jpg, 1074, 245, 1162, 265, 0.87, 0
0210135-page05.jpg, 854, 284, 949, 304, 0.78, 0
0205123-page41.jpg, 772, 361, 868, 381, 0.88, 0
0205123-page41.jpg, 1138, 563, 1247, 583, 0.85, 0
0205123-page41.jpg, 429, 664, 537, 684, 0.9, 0
0205123-page41.jpg, 284, 905, 393, 925, 0.91, 0
0205123-page41.jpg, 650, 1029, 758, 1049, 0.91, 0
0205123-page41.jpg, 728, 1130, 836, 1150, 0.85, 0
0207252-page17.jpg, 991, 713, 1109, 739, 0.68, 0
0207252-page17.jpg, 510, 819, 625, 845, 0.9, 0
0207252-page17.jpg, 303, 1381, 379, 1402, 0.9, 0
0206135-page29.jpg, 578, 314, 671, 335, 0.84, 0
0206135-page29.jpg, 450, 745, 526, 762, 0.42, 0
0206135-page29.jpg, 890, 1323, 1027, 1349, 0.92, 0
0206135-page29.jpg, 664, 1536, 757, 1557, 0.9, 0
0208171-page20.jpg, 533, 1219, 605, 1237, 0.79, 0
0205123-page33.jpg, 540, 361, 633, 381, 0.87, 0
0205123-page33.jpg, 585, 744, 703, 769, 0.0, 0
0205123-page33.jpg, 588, 1373, 705, 1393, 0.87, 0
0205123-page33.jpg, 711, 1411, 934, 1437, 0.69, 0
0205123-page33.jpg, 844, 1573, 1012, 1594, 0.91, 0
0205123-page33.jpg, 1089, 1650, 1256, 1671, 0.91, 0
0112163-page03.jpg, 1022, 459, 1151, 482, 0.87, 0
0203147-page11.jpg, 686, 357, 764, 378, 0.81, 0
0203147-page11.jpg, 825, 428, 903, 448, 0.8, 0
0203147-page11.jpg, 779, 1504, 885, 1529, 0.89, 0
0206135-page27.jpg, 683, 944, 776, 965, 0.92, 0
0206135-page27.jpg, 510, 1031, 601, 1048, 0.83, 0
0206135-page27.jpg, 1016, 1031, 1107, 1048, 0.84, 0
0206135-page27.jpg, 790, 1060, 884, 1077, 0.9, 0
0206135-page27.jpg, 368, 1089, 454, 1106, 0.91, 0
0203147-page16.jpg, 1005, 428, 1119, 453, 0.92, 0
0203147-page16.jpg, 769, 578, 855, 598, 0.75, 0
0203147-page16.jpg, 828, 1188, 903, 1208, 0.65, 0
0203147-page16.jpg, 753, 1328, 904, 1354, 0.0, 0
0203147-page16.jpg, 592, 1399, 747, 1424, 0.6, 0
0206135-page20.jpg, 1049, 372, 1139, 389, 0.89, 0
0206135-page20.jpg, 625, 488, 717, 510, 0.0, 0
0206135-page20.jpg, 857, 517, 947, 535, 0.91, 0
0206135-page20.jpg, 342, 546, 434, 567, 0.87, 0
0206135-page20.jpg, 817, 575, 907, 592, 0.57, 0
0206135-page20.jpg, 1058, 575, 1139, 597, 0.92, 0
0206135-page20.jpg, 619, 604, 715, 626, 0.82, 0
0206135-page20.jpg, 858, 634, 948, 651, 0.89, 0
0206135-page20.jpg, 853, 761, 943, 778, 0.39, 0
0206135-page20.jpg, 750, 819, 843, 837, 0.58, 0
0206135-page20.jpg, 791, 1132, 880, 1149, 0.9, 0
0206135-page20.jpg, 305, 1249, 446, 1270, 0.9, 0
0206135-page20.jpg, 458, 1249, 550, 1270, 0.86, 0
0206135-page20.jpg, 379, 1313, 558, 1339, 0.75, 0
0206135-page20.jpg, 635, 1360, 761, 1382, 0.85, 0
0206135-page20.jpg, 384, 1390, 478, 1411, 0.53, 0
0206135-page20.jpg, 496, 1448, 588, 1469, 0.84, 0
0206135-page20.jpg, 862, 1506, 955, 1527, 0.9, 0
0206135-page20.jpg, 449, 1593, 542, 1615, 0.91, 0
0206135-page20.jpg, 838, 1651, 931, 1668, 0.9, 0
0103145-page07.jpg, 694, 297, 811, 322, 0.74, 0
0103145-page07.jpg, 979, 894, 1079, 920, 0.57, 0
0205123-page34.jpg, 663, 361, 831, 382, 0.9, 0
0205123-page34.jpg, 616, 400, 784, 421, 0.47, 0
0205123-page34.jpg, 573, 834, 785, 860, 0.69, 0
0204151-page01.jpg, 1208, 956, 1323, 976, 0.92, 0
0204151-page01.jpg, 491, 1642, 606, 1662, 0.87, 0
0009239-page04.jpg, 241, 607, 391, 629, 0.0, 0
0011057-page01.jpg, 497, 594, 686, 632, 0.9, 0
0011057-page01.jpg, 862, 634, 1053, 664, 0.91, 0
0011057-page01.jpg, 513, 1200, 628, 1225, 0.91, 0
0011057-page01.jpg, 808, 1200, 918, 1220, 0.92, 0
0011057-page01.jpg, 755, 1235, 864, 1255, 0.91, 0
0011057-page01.jpg, 515, 1305, 630, 1331, 0.92, 0
0011057-page01.jpg, 1084, 1305, 1194, 1325, 0.88, 0
0011057-page01.jpg, 577, 1340, 686, 1360, 0.45, 0
0210138-page09.jpg, 402, 288, 524, 308, 0.6, 0
0205123-page11.jpg, 1112, 911, 1221, 931, 0.87, 0
0205123-page11.jpg, 495, 1529, 615, 1550, 0.17, 0
0011057-page06.jpg, 601, 1171, 700, 1191, 0.89, 0
0011057-page06.jpg, 275, 1276, 389, 1301, 0.74, 0
0011057-page06.jpg, 483, 1312, 616, 1332, 0.75, 0
0201149-page08.jpg, 520, 691, 743, 723, 0.0, 0
0205123-page16.jpg, 597, 870, 691, 889, 0.82, 0
0205123-page16.jpg, 1052, 1689, 1162, 1710, 0.55, 0
0206135-page02.jpg, 773, 343, 917, 360, 0.12, 0
0206135-page02.jpg, 391, 1324, 571, 1346, 0.51, 0
0102026-page01.jpg, 575, 775, 658, 794, 0.83, 0
0203147-page34.jpg, 347, 658, 459, 683, 0.86, 0
0011057-page08.jpg, 480, 952, 589, 972, 0.9, 0
0011057-page08.jpg, 736, 987, 851, 1013, 0.92, 0
0011057-page08.jpg, 252, 1023, 367, 1043, 0.85, 0
0011057-page08.jpg, 372, 1271, 481, 1292, 0.91, 0
0011057-page08.jpg, 512, 1342, 605, 1362, 0.58, 0
0205123-page18.jpg, 287, 453, 407, 474, 0.89, 0
0205123-page18.jpg, 691, 1210, 848, 1236, 0.58, 0
0205123-page18.jpg, 835, 1456, 991, 1482, 0.75, 0
0206188-page23.jpg, 596, 763, 688, 781, 0.38, 0
0206188-page23.jpg, 324, 1606, 425, 1632, 0.51, 0
0110159-page04.jpg, 938, 341, 1047, 361, 0.9, 0
0110159-page04.jpg, 1061, 341, 1139, 361, 0.78, 0
0110159-page04.jpg, 859, 1139, 950, 1159, 0.87, 0
0110159-page03.jpg, 995, 382, 1105, 403, 0.81, 0
0110159-page03.jpg, 1118, 382, 1207, 402, 0.89, 0
0110159-page03.jpg, 607, 488, 684, 508, 0.87, 0
0110159-page03.jpg, 142, 681, 232, 702, 0.91, 0
0110159-page03.jpg, 300, 960, 388, 980, 0.0, 0
0110159-page03.jpg, 324, 1123, 434, 1143, 0.87, 0
0110159-page03.jpg, 797, 1742, 906, 1762, 0.85, 0
0005219-page22.jpg, 876, 1077, 985, 1103, 0.91, 0
0005219-page22.jpg, 921, 1205, 1030, 1231, 0.12, 0
0005219-page22.jpg, 783, 1658, 894, 1683, 0.92, 0
0106213-page23.jpg, 962, 956, 1066, 975, 0.9, 0
0202023-page06.jpg, 485, 1621, 645, 1647, 0.73, 0
0204123-page15.jpg, 1087, 729, 1159, 750, 0.81, 0
0203147-page08.jpg, 776, 428, 944, 453, 0.8, 0
0203147-page08.jpg, 377, 463, 545, 488, 0.36, 0
0203147-page08.jpg, 464, 687, 539, 708, 0.91, 0
0203147-page08.jpg, 252, 1310, 333, 1330, 0.88, 0
0206135-page42.jpg, 438, 1580, 587, 1604, 0.16, 0
0206135-page42.jpg, 589, 1641, 682, 1663, 0.91, 0
0109075-page02.jpg, 288, 613, 377, 632, 0.79, 0
0109075-page02.jpg, 925, 614, 1012, 632, 0.9, 0
0109075-page02.jpg, 745, 646, 837, 665, 0.92, 0
0109075-page02.jpg, 288, 679, 384, 698, 0.82, 0
0109075-page02.jpg, 336, 745, 430, 764, 0.82, 0
0109075-page02.jpg, 811, 910, 903, 928, 0.68, 0
0109075-page02.jpg, 288, 943, 378, 962, 0.83, 0
0003126-page26.jpg, 568, 1381, 661, 1398, 0.5, 0
0006108-page20.jpg, 767, 309, 904, 330, 0.43, 0
0006108-page20.jpg, 582, 344, 662, 365, 0.91, 0
0006108-page20.jpg, 435, 590, 516, 610, 0.9, 0
0006108-page20.jpg, 478, 661, 578, 681, 0.88, 0
0006108-page20.jpg, 744, 731, 845, 751, 0.84, 0
0006108-page20.jpg, 484, 801, 616, 827, 0.91, 0
0006108-page20.jpg, 1039, 1654, 1106, 1670, 0.01, 0
0206135-page45.jpg, 557, 877, 687, 898, 0.89, 0
0206135-page45.jpg, 526, 1476, 621, 1497, 0.88, 0
0206135-page45.jpg, 891, 1533, 986, 1555, 0.81, 0
0005219-page10.jpg, 743, 657, 894, 683, 0.26, 0
0206135-page39.jpg, 371, 703, 463, 724, 0.82, 0
0206188-page16.jpg, 861, 637, 1054, 657, 0.34, 0
0204123-page12.jpg, 974, 1036, 1052, 1059, 0.91, 0
0206135-page37.jpg, 646, 372, 767, 389, 0.9, 0
0206135-page37.jpg, 470, 632, 614, 654, 0.38, 0
0207252-page09.jpg, 671, 285, 770, 305, 0.91, 0
0207252-page09.jpg, 1110, 320, 1225, 346, 0.66, 0
0207252-page09.jpg, 311, 627, 426, 653, 0.91, 0
0207252-page09.jpg, 287, 891, 367, 912, 0.89, 0
0207252-page09.jpg, 891, 891, 970, 911, 0.87, 0
0207252-page09.jpg, 176, 927, 256, 947, 0.78, 0
0207252-page09.jpg, 1102, 1190, 1223, 1215, 0.92, 0
0207252-page09.jpg, 176, 1632, 274, 1649, 0.91, 0
0203147-page01.jpg, 323, 1459, 385, 1478, 0.9, 0
0005174-page20.jpg, 541, 810, 656, 830, 0.77, 0
0005174-page20.jpg, 328, 1193, 413, 1219, 0.85, 0
0005174-page20.jpg, 1171, 1595, 1280, 1621, 0.9, 0
0206135-page30.jpg, 479, 913, 572, 934, 0.6, 0
0206135-page30.jpg, 471, 1341, 601, 1362, 0.89, 0
0206135-page30.jpg, 1018, 1370, 1111, 1387, 0.86, 0
0203147-page06.jpg, 322, 777, 397, 797, 0.92, 0
0203147-page06.jpg, 302, 953, 453, 978, 0.0, 0
0203147-page06.jpg, 956, 1107, 1107, 1132, 0.38, 0
0203147-page06.jpg, 523, 1177, 678, 1202, 0.08, 0
0203147-page06.jpg, 432, 1282, 582, 1308, 0.56, 0
0203147-page06.jpg, 721, 1318, 872, 1343, 0.62, 0
0203147-page06.jpg, 958, 1388, 1108, 1413, 0.6, 0
0203147-page06.jpg, 602, 1458, 753, 1483, 0.87, 0
0204151-page11.jpg, 273, 784, 447, 810, 0.86, 0
0112163-page14.jpg, 989, 1422, 1093, 1441, 0.29, 0
0006050-page38.jpg, 446, 1145, 556, 1163, 0.8, 0
0006050-page38.jpg, 512, 1191, 622, 1209, 0.42, 0
0006050-page38.jpg, 552, 1467, 664, 1486, 0.9, 0
0006050-page38.jpg, 733, 1467, 842, 1486, 0.8, 0
0301236-page06.jpg, 357, 1365, 434, 1385, 0.32, 0
0301236-page06.jpg, 1117, 1365, 1194, 1385, 0.72, 0
0205123-page24.jpg, 585, 1051, 700, 1071, 0.86, 0
0205123-page24.jpg, 740, 1245, 839, 1265, 0.91, 0
0205123-page24.jpg, 1139, 1531, 1255, 1551, 0.56, 0
0205123-page24.jpg, 987, 1686, 1096, 1707, 0.92, 0
0212251-page01.jpg, 466, 528, 572, 552, 0.93, 0
0106213-page18.jpg, 1177, 708, 1253, 726, 0.92, 0
0106213-page18.jpg, 1230, 1019, 1304, 1038, 0.92, 0
0203147-page17.jpg, 682, 393, 756, 413, 0.8, 0
0203147-page17.jpg, 326, 1078, 440, 1103, 0.87, 0
0209076-page06.jpg, 267, 580, 360, 597, 0.83, 0
0206135-page21.jpg, 305, 343, 398, 364, 0.63, 0
0206135-page21.jpg, 774, 430, 851, 447, 0.9, 0
0206135-page21.jpg, 352, 459, 445, 476, 0.91, 0
0206135-page21.jpg, 928, 459, 1055, 480, 0.82, 0
0206135-page21.jpg, 886, 488, 1012, 510, 0.67, 0
0206135-page21.jpg, 798, 546, 925, 567, 0.88, 0
0206135-page21.jpg, 860, 634, 991, 655, 0.45, 0
0206135-page21.jpg, 801, 663, 928, 684, 0.82, 0
0206135-page21.jpg, 969, 926, 1099, 947, 0.41, 0
0206135-page21.jpg, 305, 983, 397, 1005, 0.9, 0
0009120-page01.jpg, 652, 1190, 773, 1206, 0.34, 0
0212251-page10.jpg, 510, 1284, 678, 1304, 0.88, 0
0006050-page29.jpg, 680, 266, 752, 284, 0.53, 0
0205123-page35.jpg, 680, 762, 772, 782, 0.91, 0
0203195-page07.jpg, 1025, 428, 1193, 448, 0.9, 0
0203195-page07.jpg, 560, 464, 716, 488, 0.44, 0
0205123-page32.jpg, 975, 516, 1125, 542, 0.2, 0
0205123-page32.jpg, 589, 1423, 667, 1448, 0.45, 0
0205123-page32.jpg, 494, 1500, 580, 1520, 0.89, 0
0205123-page32.jpg, 410, 1684, 496, 1704, 0.83, 0
0205123-page32.jpg, 274, 1723, 384, 1743, 0.91, 0
0203147-page10.jpg, 353, 820, 439, 840, 0.91, 0
0203147-page10.jpg, 701, 1580, 779, 1600, 0.82, 0
0209076-page01.jpg, 1099, 686, 1176, 701, 0.37, 0
0209076-page01.jpg, 893, 999, 971, 1016, 0.78, 0
0209076-page01.jpg, 514, 1086, 575, 1103, 0.91, 0
0209076-page01.jpg, 748, 1348, 841, 1364, 0.77, 0
0209076-page01.jpg, 222, 1551, 298, 1568, 0.77, 0
0209076-page01.jpg, 756, 1680, 834, 1694, 0.91, 0
0209076-page01.jpg, 922, 1773, 1027, 1786, 0.17, 0
0006216-page06.jpg, 344, 1037, 461, 1062, 0.89, 0
0206135-page26.jpg, 464, 314, 556, 335, 0.89, 0
0206135-page26.jpg, 880, 513, 973, 534, 0.85, 0
0206135-page26.jpg, 379, 613, 459, 630, 0.83, 0
0206135-page26.jpg, 1012, 670, 1139, 692, 0.54, 0
0206135-page26.jpg, 537, 1282, 633, 1303, 0.89, 0
0206135-page26.jpg, 471, 1485, 564, 1507, 0.84, 0
0103145-page01.jpg, 1048, 417, 1221, 446, 0.91, 0
0103145-page01.jpg, 553, 452, 747, 490, 0.91, 0
0103145-page01.jpg, 955, 1297, 1058, 1320, 0.88, 0
0103145-page01.jpg, 240, 1363, 343, 1386, 0.9, 0
0212066-page02.jpg, 482, 526, 592, 546, 0.88, 0
0212066-page02.jpg, 877, 610, 989, 636, 0.83, 0
0212066-page02.jpg, 814, 653, 953, 673, 0.91, 0
0212066-page02.jpg, 515, 1768, 629, 1794, 0.83, 0
0202023-page25.jpg, 553, 1362, 728, 1383, 0.83, 0
0204151-page09.jpg, 1046, 884, 1166, 904, 0.92, 0
0207252-page16.jpg, 304, 1240, 418, 1266, 0.93, 0
0205123-page40.jpg, 668, 918, 782, 938, 0.73, 0
0205123-page40.jpg, 797, 918, 888, 943, 0.86, 0
0205123-page40.jpg, 1050, 918, 1161, 943, 0.75, 0
0205123-page40.jpg, 845, 1017, 941, 1037, 0.9, 0
0205123-page40.jpg, 1147, 1017, 1253, 1042, 0.89, 0
0205123-page40.jpg, 285, 1689, 381, 1710, 0.73, 0
0206135-page28.jpg, 996, 536, 1138, 558, 0.09, 0
0206188-page07.jpg, 1075, 570, 1274, 594, 0.42, 0
0203147-page19.jpg, 439, 1279, 547, 1305, 0.91, 0
0203147-page19.jpg, 510, 1564, 608, 1589, 0.02, 0
0304067-page07.jpg, 1153, 710, 1258, 730, 0.7, 0
0010268-page03.jpg, 701, 760, 768, 777, 0.87, 0
0010268-page03.jpg, 953, 1017, 1046, 1033, 0.92, 0
0201168-page02.jpg, 414, 192, 520, 209, 0.17, 0
0201168-page02.jpg, 1240, 251, 1340, 268, 0.26, 0
0207252-page24.jpg, 426, 222, 520, 242, 0.6, 0
0110261-page14.jpg, 177, 344, 308, 365, 0.4, 0
0110261-page14.jpg, 419, 726, 561, 747, 0.84, 0
0112086-page07.jpg, 578, 1207, 713, 1226, 0.77, 0
0201149-page10.jpg, 236, 588, 345, 608, 0.92, 0
0201149-page10.jpg, 1111, 686, 1221, 706, 0.91, 0
0205123-page09.jpg, 272, 570, 384, 595, 0.88, 0
0205123-page09.jpg, 1048, 803, 1160, 828, 0.92, 0
0202023-page10.jpg, 967, 627, 1100, 652, 0.84, 0
0207252-page23.jpg, 721, 386, 849, 412, 0.36, 0
0110261-page13.jpg, 684, 1361, 796, 1382, 0.17, 0
0110261-page13.jpg, 413, 1396, 519, 1417, 0.78, 0
0110261-page13.jpg, 689, 1567, 820, 1587, 0.91, 0
0110261-page13.jpg, 997, 1602, 1139, 1622, 0.69, 0
0110261-page13.jpg, 369, 1707, 510, 1728, 0.42, 0
0203071-page08.jpg, 698, 700, 785, 722, 0.9, 0
0203071-page08.jpg, 562, 1108, 667, 1130, 0.91, 0
0203071-page08.jpg, 1137, 1422, 1224, 1443, 0.9, 0
0203071-page08.jpg, 1047, 1659, 1134, 1680, 0.92, 0
0206006-page12.jpg, 751, 479, 893, 500, 0.83, 0
0206006-page12.jpg, 1200, 515, 1312, 541, 0.24, 0
0206006-page12.jpg, 177, 1016, 324, 1041, 0.73, 0
0203233-page06.jpg, 292, 1234, 375, 1260, 0.8, 0
0203147-page25.jpg, 837, 735, 938, 761, 0.91, 0
0203147-page22.jpg, 910, 621, 1065, 647, 0.41, 0
0203147-page22.jpg, 252, 926, 319, 960, 0.88, 0
0203071-page01.jpg, 1012, 380, 1147, 418, 0.89, 0
0203071-page01.jpg, 739, 1311, 826, 1331, 0.91, 0
0203071-page01.jpg, 263, 1353, 361, 1372, 0.92, 0
0011057-page10.jpg, 544, 386, 653, 406, 0.53, 0
0205123-page31.jpg, 459, 1233, 557, 1253, 0.9, 0
0202023-page28.jpg, 1148, 1607, 1255, 1627, 0.89, 0
0211037-page05.jpg, 833, 1332, 921, 1357, 0.91, 0
0209076-page02.jpg, 329, 301, 397, 318, 0.9, 0
0209076-page02.jpg, 771, 1479, 839, 1496, 0.92, 0
0203147-page13.jpg, 483, 627, 597, 653, 0.89, 0
0203147-page13.jpg, 252, 817, 376, 842, 0.9, 0
0203147-page13.jpg, 252, 1558, 402, 1584, 0.38, 0
0203147-page13.jpg, 342, 1641, 457, 1667, 0.89, 0
0206135-page25.jpg, 399, 314, 492, 335, 0.88, 0
0206135-page25.jpg, 946, 314, 1039, 335, 0.87, 0
0206135-page25.jpg, 658, 401, 751, 422, 0.9, 0
0206135-page25.jpg, 894, 932, 987, 953, 0.92, 0
0206135-page25.jpg, 731, 1019, 824, 1040, 0.9, 0
0206135-page25.jpg, 402, 874, 494, 890, 0.82, 0
0206135-page25.jpg, 454, 1285, 546, 1306, 0.92, 0
0206135-page25.jpg, 729, 1285, 859, 1306, 0.91, 0
0206135-page25.jpg, 1023, 1285, 1149, 1306, 0.88, 0
0206135-page25.jpg, 782, 1343, 920, 1364, 0.9, 0
0206135-page25.jpg, 1045, 1343, 1139, 1360, 0.89, 0
0206135-page25.jpg, 436, 1401, 563, 1423, 0.64, 0
0206135-page25.jpg, 729, 1401, 855, 1423, 0.36, 0
0206135-page25.jpg, 858, 1488, 985, 1510, 0.17, 0
0206135-page25.jpg, 825, 1518, 955, 1539, 0.79, 0
0209076-page05.jpg, 931, 603, 992, 620, 0.9, 0
0203147-page14.jpg, 661, 393, 742, 413, 0.9, 0
0203147-page14.jpg, 353, 930, 434, 951, 0.9, 0
0203147-page14.jpg, 611, 1072, 691, 1092, 0.92, 0
0203147-page14.jpg, 531, 1464, 610, 1484, 0.82, 0
0212066-page06.jpg, 299, 261, 406, 287, 0.92, 0
0212066-page06.jpg, 580, 388, 696, 408, 0.91, 0
0212066-page06.jpg, 620, 977, 726, 1003, 0.37, 0
0205123-page36.jpg, 776, 361, 869, 381, 0.42, 0
0205123-page36.jpg, 594, 683, 679, 704, 0.07, 0
0204123-page07.jpg, 769, 571, 924, 590, 0.53, 0
0205123-page38.jpg, 682, 323, 779, 343, 0.83, 0
0205123-page38.jpg, 702, 589, 810, 609, 0.92, 0
0205123-page38.jpg, 716, 793, 824, 813, 0.91, 0
0205123-page38.jpg, 403, 894, 517, 914, 0.85, 0
0205123-page38.jpg, 915, 957, 1024, 977, 0.85, 0
0202023-page21.jpg, 1065, 932, 1138, 957, 0.71, 0
0206135-page50.jpg, 730, 1254, 857, 1276, 0.78, 0
0109075-page17.jpg, 343, 470, 433, 489, 0.52, 0
0109075-page17.jpg, 953, 1633, 1077, 1652, 0.0, 0
0005144-page04.jpg, 600, 1430, 683, 1456, 0.65, 0
0110261-page10.jpg, 759, 890, 865, 911, 0.04, 0
0203147-page28.jpg, 1019, 972, 1087, 993, 0.89, 0
0007096-page03.jpg, 524, 547, 622, 568, 0.92, 0
0007096-page03.jpg, 563, 582, 641, 603, 0.89, 0
0007096-page03.jpg, 381, 951, 491, 971, 0.92, 0
0007096-page03.jpg, 559, 951, 670, 976, 0.9, 0
0007096-page03.jpg, 659, 986, 740, 1006, 0.78, 0
0206135-page19.jpg, 949, 907, 1043, 928, 0.89, 0
0206135-page19.jpg, 571, 1008, 724, 1039, 0.91, 0
0206135-page19.jpg, 534, 1199, 631, 1221, 0.82, 0
0206135-page19.jpg, 967, 1199, 1064, 1217, 0.83, 0
0101089-page09.jpg, 661, 496, 733, 514, 0.51, 0
0112086-page04.jpg, 383, 1761, 488, 1784, 0.92, 0
0203147-page21.jpg, 1041, 686, 1110, 706, 0.9, 0
0203147-page21.jpg, 848, 858, 957, 879, 0.92, 0
0203147-page21.jpg, 645, 893, 743, 914, 0.9, 0
0203147-page21.jpg, 252, 1114, 333, 1140, 0.73, 0
0203147-page21.jpg, 559, 1114, 663, 1134, 0.79, 0
0203147-page21.jpg, 771, 1727, 876, 1748, 0.78, 0
0008087-page03.jpg, 389, 205, 566, 226, 0.95, 0
0008087-page03.jpg, 801, 1196, 965, 1245, 0.0, 0
0008087-page03.jpg, 499, 1516, 637, 1537, 0.9, 0
0203071-page02.jpg, 188, 454, 293, 476, 0.53, 0
0203071-page02.jpg, 667, 1476, 778, 1498, 0.8, 0
0203071-page02.jpg, 1073, 1655, 1160, 1677, 0.91, 0
0205123-page03.jpg, 295, 836, 479, 866, 0.81, 0
0205123-page03.jpg, 1088, 1364, 1256, 1384, 0.75, 0
0206006-page16.jpg, 637, 1696, 795, 1722, 0.76, 0
0012001-page08.jpg, 966, 1516, 1095, 1534, 0.8, 0
0002177-page20.jpg, 619, 533, 734, 559, 0.59, 0
0206006-page11.jpg, 1136, 501, 1210, 526, 0.89, 0
0101232-page08.jpg, 1002, 1386, 1112, 1406, 0.82, 0
0101232-page08.jpg, 451, 1734, 561, 1754, 0.87, 0
0203233-page05.jpg, 262, 261, 341, 281, 0.73, 0
0203233-page05.jpg, 1041, 1245, 1124, 1271, 0.63, 0
0203233-page05.jpg, 655, 1386, 737, 1406, 0.9, 0
0203147-page26.jpg, 1074, 441, 1192, 467, 0.68, 0
0203147-page26.jpg, 889, 778, 1002, 804, 0.82, 0
0203147-page26.jpg, 1052, 1342, 1161, 1363, 0.91, 0
0203147-page26.jpg, 400, 1670, 468, 1690, 0.92, 0
0206135-page10.jpg, 968, 1227, 1063, 1244, 0.87, 0
0301176-page15.jpg, 425, 298, 513, 318, 0.8, 0
0301176-page15.jpg, 813, 856, 901, 876, 0.46, 0
0011057-page05.jpg, 601, 323, 715, 348, 0.9, 0
0011057-page05.jpg, 804, 745, 943, 765, 0.86, 0
0011057-page05.jpg, 576, 1093, 724, 1113, 0.77, 0
0006050-page09.jpg, 245, 220, 350, 238, 0.1, 0
0206135-page01.jpg, 491, 1219, 600, 1240, 0.88, 0
0206135-page01.jpg, 397, 1248, 528, 1269, 0.31, 0
0206135-page01.jpg, 779, 1306, 872, 1327, 0.91, 0
0206135-page01.jpg, 929, 1306, 1087, 1327, 0.67, 0
0206135-page01.jpg, 911, 1335, 1004, 1356, 0.91, 0
0206135-page01.jpg, 777, 1476, 878, 1497, 0.92, 0
0206135-page01.jpg, 397, 1592, 490, 1613, 0.84, 0
0203071-page14.jpg, 318, 557, 434, 579, 0.92, 0
0203071-page14.jpg, 251, 673, 366, 694, 0.91, 0
0203147-page37.jpg, 641, 995, 735, 1015, 0.0, 0
0110159-page09.jpg, 904, 1524, 1019, 1550, 0.76, 0
0110159-page09.jpg, 1064, 1675, 1231, 1701, 0.47, 0
0110159-page09.jpg, 781, 1769, 891, 1794, 0.6, 0
0206135-page06.jpg, 551, 1479, 619, 1496, 0.89, 0
0203071-page13.jpg, 868, 1491, 989, 1513, 0.89, 0
0203147-page30.jpg, 868, 793, 977, 813, 0.96, 0
0203147-page30.jpg, 1096, 863, 1194, 883, 0.91, 0
0203147-page30.jpg, 700, 933, 799, 953, 0.15, 0
0203147-page30.jpg, 877, 1087, 953, 1107, 0.33, 0
0203147-page30.jpg, 369, 1728, 520, 1754, 0.86, 0
0011057-page02.jpg, 835, 386, 945, 407, 0.92, 0
0011057-page02.jpg, 252, 457, 331, 477, 0.91, 0
0011057-page02.jpg, 342, 457, 424, 477, 0.8, 0
0011057-page02.jpg, 941, 457, 1057, 477, 0.84, 0
0011057-page02.jpg, 252, 633, 361, 653, 0.91, 0
0011057-page02.jpg, 1019, 633, 1129, 653, 0.88, 0
0011057-page02.jpg, 790, 703, 900, 723, 0.9, 0
0011057-page02.jpg, 674, 773, 784, 793, 0.81, 0
0011057-page02.jpg, 804, 913, 922, 939, 0.76, 0
0011057-page02.jpg, 875, 949, 985, 969, 0.91, 0
0011057-page02.jpg, 331, 1019, 463, 1039, 0.81, 0
0011057-page02.jpg, 986, 1054, 1101, 1080, 0.9, 0
0011057-page02.jpg, 469, 1089, 585, 1109, 0.87, 0
0011057-page02.jpg, 931, 1089, 1049, 1115, 0.76, 0
0011057-page02.jpg, 372, 1124, 471, 1144, 0.82, 0
0011057-page02.jpg, 794, 1124, 893, 1144, 0.85, 0
0011057-page02.jpg, 779, 1335, 889, 1355, 0.92, 0
0011057-page02.jpg, 323, 1423, 512, 1461, 0.87, 0
0011057-page02.jpg, 603, 1477, 787, 1506, 0.92, 0
0011057-page02.jpg, 252, 1585, 361, 1605, 0.91, 0
0011057-page02.jpg, 683, 1620, 762, 1640, 0.92, 0
0101089-page16.jpg, 312, 578, 384, 596, 0.22, 0
0205123-page12.jpg, 514, 609, 630, 629, 0.85, 0
0205123-page12.jpg, 894, 686, 1003, 706, 0.9, 0
0205123-page12.jpg, 990, 982, 1111, 1003, 0.34, 0
0205123-page12.jpg, 370, 1113, 500, 1133, 0.75, 0
0106249-page05.jpg, 645, 603, 764, 626, 0.82, 0
0106249-page05.jpg, 590, 1079, 709, 1103, 0.81, 0
0004120-page15.jpg, 642, 652, 722, 673, 0.92, 0
0004120-page15.jpg, 526, 1731, 641, 1752, 0.89, 0
0004120-page15.jpg, 853, 1732, 1017, 1752, 0.79, 0
0206212-page01.jpg, 933, 366, 1019, 381, 0.92, 0
0206188-page20.jpg, 579, 1317, 728, 1341, 0.74, 0
0110159-page07.jpg, 388, 1268, 477, 1288, 0.88, 0
0110159-page07.jpg, 548, 1268, 638, 1288, 0.91, 0
0110261-page01.jpg, 902, 1026, 1001, 1044, 0.56, 0
0110261-page01.jpg, 475, 1125, 574, 1143, 0.29, 0
0206135-page46.jpg, 324, 372, 420, 393, 0.87, 0
0209131-page03.jpg, 894, 271, 965, 292, 0.77, 0
0206188-page12.jpg, 1050, 1224, 1154, 1244, 0.77, 0
0109003-page23.jpg, 496, 1367, 602, 1388, 0.48, 0
0207252-page03.jpg, 614, 327, 728, 352, 0.9, 0
0207252-page03.jpg, 502, 397, 617, 423, 0.83, 0
0207252-page03.jpg, 176, 467, 291, 493, 0.91, 0
0207252-page03.jpg, 386, 678, 504, 704, 0.73, 0
0207252-page03.jpg, 569, 749, 670, 774, 0.75, 0
0302174-page11.jpg, 935, 835, 1092, 861, 0.11, 0
0209131-page04.jpg, 987, 335, 1057, 356, 0.91, 0
0209131-page04.jpg, 698, 863, 770, 883, 0.92, 0
0209131-page04.jpg, 825, 1645, 896, 1666, 0.48, 0
0209131-page04.jpg, 423, 1677, 494, 1698, 0.86, 0
0109075-page01.jpg, 796, 1365, 879, 1383, 0.91, 0
0109075-page01.jpg, 666, 1398, 746, 1416, 0.92, 0
0109075-page01.jpg, 372, 1497, 467, 1515, 0.91, 0
0001133-page37.jpg, 1142, 1064, 1255, 1090, 0.71, 0
0001133-page37.jpg, 476, 1110, 585, 1135, 0.5, 0
0001133-page37.jpg, 464, 1155, 569, 1181, 0.91, 0
0001133-page37.jpg, 298, 1201, 411, 1226, 0.91, 0
0001133-page37.jpg, 749, 1338, 854, 1363, 0.92, 0
0001133-page37.jpg, 421, 1475, 526, 1501, 0.91, 0
0001133-page37.jpg, 982, 1475, 1094, 1501, 0.85, 0
0001133-page37.jpg, 1043, 1521, 1146, 1541, 0.92, 0
0001133-page37.jpg, 569, 1566, 675, 1592, 0.77, 0
0001133-page37.jpg, 549, 1612, 658, 1638, 0.58, 0
0001133-page37.jpg, 999, 1612, 1104, 1638, 0.87, 0
0001133-page37.jpg, 1128, 1749, 1238, 1775, 0.71, 0
0206135-page33.jpg, 379, 1308, 506, 1334, 0.86, 0
0206135-page33.jpg, 998, 1356, 1090, 1378, 0.58, 0
0206135-page33.jpg, 305, 1518, 397, 1539, 0.75, 0
0206135-page33.jpg, 469, 1577, 562, 1598, 0.89, 0
0211037-page13.jpg, 302, 1357, 470, 1377, 0.89, 0
0009027-page02.jpg, 380, 463, 526, 483, 0.29, 0
0206135-page48.jpg, 305, 1186, 401, 1207, 0.33, 0
0108136-page01.jpg, 830, 1554, 910, 1571, 0.92, 0
0206135-page34.jpg, 614, 314, 706, 335, 0.91, 0
0206135-page34.jpg, 462, 430, 555, 451, 0.91, 0
0206135-page34.jpg, 679, 837, 797, 854, 0.55, 0
0206135-page34.jpg, 418, 1011, 515, 1033, 0.62, 0
0206135-page34.jpg, 923, 1196, 1017, 1217, 0.89, 0
0206135-page34.jpg, 572, 1478, 711, 1500, 0.55, 0
0206135-page34.jpg, 403, 1663, 578, 1685, 0.9, 0
0206135-page34.jpg, 787, 1692, 880, 1713, 0.91, 0
0205123-page05.jpg, 546, 1074, 658, 1100, 0.91, 0
0205123-page05.jpg, 940, 1268, 1115, 1288, 0.89, 0
0203233-page04.jpg, 834, 1436, 913, 1457, 0.44, 0
0203147-page27.jpg, 251, 357, 319, 378, 0.89, 0
0203147-page27.jpg, 603, 841, 698, 861, 0.51, 0
0005174-page06.jpg, 477, 1557, 605, 1585, 0.33, 0
0206135-page11.jpg, 534, 561, 708, 582, 0.9, 0
0206135-page11.jpg, 958, 966, 1138, 987, 0.19, 0
0203071-page04.jpg, 277, 1477, 388, 1498, 0.91, 0
0203147-page20.jpg, 702, 488, 800, 513, 0.26, 0
0203071-page03.jpg, 464, 280, 569, 301, 0.91, 0
0203071-page03.jpg, 251, 414, 338, 436, 0.87, 0
0203071-page03.jpg, 427, 459, 539, 481, 0.85, 0
0205123-page02.jpg, 326, 1597, 436, 1617, 0.85, 0
0201229-page02.jpg, 285, 568, 397, 588, 0.82, 0
0110159-page10.jpg, 567, 187, 676, 212, 0.47, 0
0007096-page02.jpg, 722, 583, 832, 603, 0.91, 0
0007096-page02.jpg, 669, 618, 767, 638, 0.91, 0
0007096-page02.jpg, 511, 767, 600, 787, 0.71, 0
0007096-page02.jpg, 936, 767, 1016, 787, 0.92, 0
0007096-page02.jpg, 678, 803, 776, 823, 0.58, 0
0007096-page02.jpg, 376, 873, 463, 893, 0.77, 0
0007096-page02.jpg, 461, 1197, 571, 1217, 0.74, 0
0007096-page02.jpg, 573, 1303, 683, 1323, 0.91, 0
0007096-page02.jpg, 301, 1518, 381, 1538, 0.92, 0
0007096-page02.jpg, 553, 1518, 658, 1538, 0.84, 0
0007096-page02.jpg, 476, 1553, 575, 1574, 0.91, 0
0202023-page15.jpg, 631, 1575, 764, 1600, 0.91, 0
0207252-page21.jpg, 367, 1487, 468, 1513, 0.84, 0
0203147-page29.jpg, 939, 640, 1048, 660, 0.94, 0
0203147-page29.jpg, 431, 1460, 540, 1480, 0.95, 0
0203147-page29.jpg, 885, 1460, 989, 1480, 0.56, 0
0203147-page29.jpg, 256, 1496, 350, 1516, 0.91, 0
0007096-page05.jpg, 769, 512, 848, 533, 0.92, 0
0007096-page05.jpg, 678, 640, 773, 660, 0.87, 0
0007096-page05.jpg, 532, 929, 616, 949, 0.91, 0
0007096-page05.jpg, 795, 1588, 876, 1608, 0.83, 0
0007096-page05.jpg, 683, 1693, 792, 1713, 0.91, 0
0007096-page05.jpg, 541, 1728, 608, 1749, 0.88, 0
0106213-page02.jpg, 795, 499, 898, 517, 0.9, 0
0106213-page02.jpg, 463, 532, 537, 551, 0.84, 0
0202023-page27.jpg, 206, 1400, 353, 1425, 0.75, 0
0109075-page16.jpg, 884, 1353, 991, 1372, 0.44, 0
0005144-page02.jpg, 225, 185, 310, 210, 0.91, 0
0005144-page02.jpg, 209, 360, 296, 386, 0.35, 0
0207049-page01.jpg, 322, 1223, 424, 1240, 0.54, 0
0010268-page01.jpg, 336, 972, 429, 989, 0.89, 0
0205123-page39.jpg, 885, 565, 984, 585, 0.88, 0
0205123-page39.jpg, 756, 667, 855, 687, 0.87, 0
0205123-page39.jpg, 639, 933, 747, 954, 0.9, 0
0205123-page39.jpg, 1024, 1035, 1126, 1055, 0.57, 0
0205123-page39.jpg, 474, 1136, 581, 1157, 0.89, 0
0003239-page01.jpg, 213, 1162, 297, 1181, 0.92, 0
0003239-page01.jpg, 395, 1261, 441, 1279, 0.0, 0
0203147-page15.jpg, 866, 441, 1004, 462, 0.74, 0
0203147-page15.jpg, 490, 475, 623, 503, 0.86, 0
0203147-page15.jpg, 432, 723, 564, 743, 0.89, 0
0203147-page15.jpg, 1043, 867, 1194, 892, 0.13, 0
0206135-page23.jpg, 899, 1366, 1026, 1392, 0.9, 0
0206135-page23.jpg, 464, 1477, 558, 1498, 0.92, 0
0206135-page23.jpg, 615, 1477, 745, 1498, 0.71, 0
0206135-page23.jpg, 1045, 1506, 1139, 1527, 0.64, 0
0206135-page23.jpg, 728, 1623, 825, 1644, 0.61, 0
0206135-page23.jpg, 877, 1680, 971, 1702, 0.88, 0
0211126-page12.jpg, 731, 908, 809, 933, 0.79, 0
0205123-page37.jpg, 737, 492, 845, 512, 0.88, 0
0205123-page37.jpg, 429, 657, 537, 677, 0.31, 0
0205123-page37.jpg, 1117, 758, 1231, 778, 0.7, 0
0205123-page37.jpg, 632, 860, 740, 881, 0.91, 0
0205123-page37.jpg, 599, 1345, 710, 1371, 0.86, 0
0301236-page15.jpg, 820, 460, 911, 480, 0.9, 0
0204151-page02.jpg, 977, 205, 1091, 226, 0.01, 0
0204151-page02.jpg, 529, 1420, 638, 1440, 0.94, 0
0204151-page02.jpg, 458, 1701, 585, 1721, 0.68, 0
0205123-page30.jpg, 777, 1110, 875, 1130, 0.44, 0
0209076-page03.jpg, 687, 1499, 748, 1516, 0.08, 0
0203147-page12.jpg, 322, 1294, 466, 1324, 0.92, 0
0302174-page08.jpg, 1043, 1145, 1194, 1171, 0.81, 0
0206135-page24.jpg, 711, 384, 803, 406, 0.0, 0
0206135-page24.jpg, 781, 513, 878, 535, 0.28, 0
0206135-page24.jpg, 893, 513, 986, 534, 0.9, 0
0206135-page24.jpg, 478, 572, 571, 593, 0.91, 0
0206135-page24.jpg, 305, 600, 397, 622, 0.41, 0
0206135-page24.jpg, 494, 630, 590, 651, 0.71, 0
0206135-page24.jpg, 643, 630, 736, 651, 0.92, 0
0206135-page24.jpg, 383, 659, 490, 676, 0.9, 0
0206135-page24.jpg, 478, 717, 570, 738, 0.91, 0
0206135-page24.jpg, 816, 1041, 909, 1062, 0.67, 0
0112163-page11.jpg, 1015, 202, 1141, 225, 0.87, 0
0211037-page15.jpg, 1025, 955, 1193, 975, 0.91, 0
0206135-page49.jpg, 462, 1242, 555, 1263, 0.52, 0
0205123-page21.jpg, 393, 1249, 492, 1269, 0.89, 0
0205123-page21.jpg, 226, 1442, 334, 1463, 0.89, 0
0205123-page21.jpg, 536, 1443, 648, 1468, 0.87, 0
0205123-page21.jpg, 1015, 1442, 1114, 1463, 0.9, 0
0205123-page21.jpg, 1151, 1728, 1256, 1748, 0.9, 0
0209196-page09.jpg, 849, 358, 999, 383, 0.62, 0
0009027-page04.jpg, 252, 639, 397, 659, 0.46, 0
0204141-page01.jpg, 681, 1592, 761, 1612, 0.96, 0
0206135-page35.jpg, 863, 1669, 956, 1690, 0.92, 0
0203115-page24.jpg, 785, 254, 958, 275, 0.51, 0
0207092-page01.jpg, 1087, 463, 1256, 499, 0.62, 0
0207092-page01.jpg, 584, 991, 671, 1011, 0.14, 0
0207092-page01.jpg, 114, 1026, 289, 1051, 0.91, 0
0207092-page01.jpg, 415, 1061, 604, 1086, 0.9, 0
0207092-page01.jpg, 341, 1166, 438, 1192, 0.1, 0
0203147-page03.jpg, 871, 428, 1021, 453, 0.0, 0
0203147-page03.jpg, 848, 979, 962, 1005, 0.85, 0
0101226-page17.jpg, 1093, 386, 1179, 407, 0.54, 0
0101226-page17.jpg, 1108, 795, 1208, 815, 0.57, 0
0101226-page17.jpg, 1075, 1040, 1185, 1060, 0.91, 0
0101226-page17.jpg, 580, 1226, 678, 1247, 0.91, 0
0101226-page17.jpg, 942, 1226, 1020, 1247, 0.9, 0
0101226-page17.jpg, 515, 1506, 617, 1526, 0.67, 0
0101226-page17.jpg, 667, 1506, 770, 1527, 0.92, 0
0101226-page17.jpg, 841, 1506, 953, 1527, 0.82, 0
0101226-page17.jpg, 756, 1600, 859, 1620, 0.9, 0
0206135-page32.jpg, 687, 1257, 754, 1278, 0.0, 0
0202128-page04.jpg, 397, 393, 505, 418, 0.92, 0
0202128-page04.jpg, 849, 635, 957, 661, 0.9, 0
0202128-page04.jpg, 809, 775, 964, 801, 0.77, 0
0202128-page04.jpg, 888, 948, 996, 974, 0.8, 0
0203115-page23.jpg, 1015, 1587, 1190, 1607, 0.94, 0
0207092-page06.jpg, 812, 711, 987, 737, 0.92, 0
0207092-page06.jpg, 1013, 781, 1203, 807, 0.9, 0
0207092-page06.jpg, 1049, 820, 1224, 845, 0.79, 0
0207092-page06.jpg, 560, 872, 734, 898, 0.79, 0
0207092-page06.jpg, 818, 911, 1008, 937, 0.82, 0
0207092-page06.jpg, 273, 1800, 421, 1821, 0.89, 0
0203147-page04.jpg, 1067, 1511, 1142, 1532, 0.9, 0
0301236-page04.jpg, 251, 659, 360, 680, 0.89, 0
0301236-page04.jpg, 646, 660, 821, 680, 0.96, 0
0212251-page03.jpg, 751, 1562, 920, 1583, 0.89, 0
0001133-page38.jpg, 434, 357, 543, 382, 0.65, 0
0001133-page38.jpg, 713, 402, 826, 428, 0.91, 0
0001133-page38.jpg, 1096, 1522, 1208, 1548, 0.78, 0
0001133-page38.jpg, 360, 1681, 488, 1707, 0.88, 0
0209131-page05.jpg, 832, 1104, 903, 1124, 0.0, 0
0209131-page05.jpg, 377, 1787, 444, 1808, 0.08, 0
0207252-page02.jpg, 836, 532, 949, 557, 0.88, 0
0207252-page02.jpg, 361, 672, 471, 692, 0.91, 0
0207252-page02.jpg, 482, 1515, 590, 1541, 0.91, 0
0207252-page02.jpg, 963, 1571, 1060, 1588, 0.89, 0
0005219-page15.jpg, 654, 1396, 793, 1426, 0.48, 0
0005219-page15.jpg, 882, 1513, 1033, 1538, 0.55, 0
0206135-page40.jpg, 305, 560, 401, 581, 0.13, 0
0202004-page03.jpg, 350, 531, 487, 552, 0.72, 0
0209131-page02.jpg, 826, 1752, 992, 1775, 0.0, 0
0005174-page19.jpg, 687, 215, 824, 236, 0.38, 0
0005174-page19.jpg, 872, 395, 1007, 416, 0.92, 0
0005174-page19.jpg, 622, 844, 768, 865, 0.86, 0
0110159-page06.jpg, 386, 780, 466, 800, 0.64, 0
0109003-page10.jpg, 177, 787, 354, 808, 0.95, 0
0206212-page07.jpg, 1283, 934, 1367, 951, 0.41, 0
0206212-page07.jpg, 729, 990, 813, 1007, 0.89, 0
0206212-page07.jpg, 625, 1046, 718, 1063, 0.89, 0
0106249-page04.jpg, 607, 637, 726, 660, 0.53, 0
0106249-page04.jpg, 919, 980, 1068, 1004, 0.83, 0
0106249-page04.jpg, 852, 1660, 952, 1680, 0.92, 0
0201149-page03.jpg, 490, 663, 583, 688, 0.91, 0
0202106-page05.jpg, 372, 1409, 539, 1435, 0.9, 0
0106213-page21.jpg, 208, 613, 390, 643, 0.0, 0
0106213-page21.jpg, 278, 706, 387, 730, 0.47, 0
0201202-page05.jpg, 323, 314, 571, 351, 0.72, 0
0201202-page05.jpg, 303, 1172, 455, 1197, 0.91, 0
0201202-page05.jpg, 1036, 1172, 1192, 1197, 0.91, 0
0203071-page12.jpg, 628, 1302, 808, 1323, 0.91, 0
0203147-page31.jpg, 420, 428, 533, 453, 0.91, 0
0203147-page31.jpg, 918, 428, 986, 448, 0.8, 0
0203147-page31.jpg, 923, 498, 990, 519, 0.8, 0
0203147-page31.jpg, 320, 533, 433, 559, 0.43, 0
0203147-page31.jpg, 511, 533, 578, 554, 0.88, 0
0203147-page31.jpg, 688, 828, 781, 848, 0.92, 0
0203147-page31.jpg, 1089, 1191, 1163, 1212, 0.87, 0
0011057-page03.jpg, 365, 991, 484, 1017, 0.91, 0
0011057-page03.jpg, 883, 991, 997, 1017, 0.92, 0
0011057-page03.jpg, 530, 1026, 662, 1046, 0.9, 0
0011057-page03.jpg, 921, 1097, 1036, 1122, 0.92, 0
0011057-page03.jpg, 761, 1517, 876, 1543, 0.9, 0
0011057-page03.jpg, 653, 1623, 767, 1648, 0.92, 0
0203233-page12.jpg, 463, 437, 573, 457, 0.34, 0
0203233-page12.jpg, 1031, 472, 1140, 492, 0.91, 0
0101089-page17.jpg, 231, 1616, 401, 1639, 0.89, 0
0205123-page13.jpg, 283, 1423, 410, 1444, 0.54, 0
0011057-page04.jpg, 719, 476, 834, 496, 0.92, 0
0011057-page04.jpg, 682, 1482, 814, 1502, 0.91, 0
0006050-page08.jpg, 433, 1183, 539, 1206, 0.92, 0
0205123-page14.jpg, 534, 678, 654, 699, 0.69, 0
0205123-page14.jpg, 768, 1155, 878, 1175, 0.68, 0
0205123-page14.jpg, 723, 1607, 833, 1627, 0.72, 0
0203147-page36.jpg, 409, 452, 519, 472, 0.9, 0
0110159-page08.jpg, 326, 397, 413, 417, 0.87, 0
0110159-page08.jpg, 538, 502, 635, 523, 0.9, 0
0110159-page08.jpg, 803, 608, 898, 628, 0.87, 0
0110159-page08.jpg, 446, 784, 525, 804, 0.91, 0
0110159-page08.jpg, 1207, 940, 1287, 960, 0.92, 0
0110159-page08.jpg, 887, 975, 965, 995, 0.92, 0
0110159-page08.jpg, 889, 1139, 969, 1159, 0.92, 0
0110159-page08.jpg, 628, 1174, 713, 1194, 0.74, 0
0110159-page08.jpg, 1070, 1244, 1160, 1265, 0.86, 0
