0204141-page05.jpg, 719, 778, 771, 805, 0.56, 0
0101226-page14.jpg, 913, 356, 952, 385, 0.96, 0
0101226-page14.jpg, 1033, 356, 1073, 385, 0.95, 0
0101226-page14.jpg, 794, 944, 874, 975, 0.25, 0
0101226-page14.jpg, 583, 1185, 726, 1217, 0.45, 0
0101226-page14.jpg, 767, 1188, 847, 1217, 0.28, 0
0101226-page14.jpg, 936, 1181, 1052, 1222, 0.42, 0
0101226-page14.jpg, 572, 1319, 795, 1351, 0.0, 0
0101226-page14.jpg, 836, 1322, 916, 1351, 0.0, 0
0101226-page14.jpg, 343, 1655, 389, 1676, 0.83, 0
0207092-page05.jpg, 782, 328, 827, 356, 0.94, 0
0203195-page17.jpg, 346, 807, 410, 827, 0.92, 0
0201098-page12.jpg, 1172, 938, 1236, 946, 0.0, 0
0301236-page07.jpg, 998, 1612, 1058, 1637, 0.56, 0
0106213-page19.jpg, 169, 236, 213, 256, 0.89, 0
0203195-page10.jpg, 482, 1481, 538, 1524, 0.0, 0
0108136-page03.jpg, 664, 554, 731, 571, 0.95, 0
0109075-page04.jpg, 728, 1481, 814, 1506, 0.36, 0
0208109-page04.jpg, 852, 1132, 979, 1160, 0.82, 0
0012069-page07.jpg, 461, 1678, 571, 1706, 0.2, 0
0206235-page04.jpg, 259, 561, 315, 589, 0.83, 0
0209131-page01.jpg, 991, 760, 1027, 781, 0.68, 0
0209131-page01.jpg, 1271, 1217, 1312, 1240, 0.29, 0
0211002-page05.jpg, 856, 568, 902, 598, 0.73, 0
0206135-page43.jpg, 366, 708, 430, 735, 0.85, 0
0206212-page04.jpg, 529, 1049, 569, 1066, 0.81, 0
0102026-page09.jpg, 494, 1161, 549, 1189, 0.78, 0
0209235-page27.jpg, 635, 719, 675, 745, 0.83, 0
0302174-page26.jpg, 352, 701, 416, 721, 0.92, 0
0106249-page07.jpg, 271, 801, 306, 827, 0.94, 0
0106249-page07.jpg, 465, 880, 500, 906, 0.95, 0
0106249-page07.jpg, 682, 1536, 717, 1562, 0.96, 0
0106249-page07.jpg, 932, 1730, 967, 1755, 0.96, 0
0210138-page06.jpg, 1052, 1631, 1079, 1645, 0.63, 0
0212320-page08.jpg, 320, 1111, 360, 1141, 0.26, 0
0112086-page10.jpg, 664, 1556, 790, 1587, 0.24, 0
0003126-page15.jpg, 764, 572, 790, 583, 0.34, 0
0102066-page01.jpg, 683, 1627, 714, 1643, 0.94, 0
0109003-page13.jpg, 677, 300, 709, 314, 0.12, 0
0109003-page13.jpg, 1169, 300, 1205, 316, 0.34, 0
0109003-page13.jpg, 841, 673, 877, 687, 0.91, 0
0109003-page13.jpg, 843, 1608, 879, 1621, 0.91, 0
0301176-page06.jpg, 845, 859, 900, 887, 0.96, 0
0208089-page06.jpg, 600, 1018, 627, 1035, 0.95, 0
0203147-page35.jpg, 746, 712, 790, 733, 0.82, 0
0301176-page01.jpg, 1205, 1248, 1260, 1277, 0.91, 0
0102026-page07.jpg, 687, 1713, 743, 1741, 0.95, 0
0106249-page09.jpg, 673, 726, 706, 752, 0.69, 0
0106249-page09.jpg, 882, 817, 936, 852, 0.96, 0
0106249-page09.jpg, 942, 897, 977, 922, 0.95, 0
0106249-page09.jpg, 1034, 1471, 1060, 1488, 0.9, 0
0210138-page08.jpg, 755, 1249, 800, 1270, 0.08, 0
0108158-page15.jpg, 754, 1708, 839, 1728, 0.87, 0
0108227-page03.jpg, 609, 1333, 672, 1361, 0.23, 0
0205123-page01.jpg, 353, 712, 404, 737, 0.96, 0
0101089-page05.jpg, 644, 929, 723, 961, 0.08, 0
0101219-page15.jpg, 1057, 565, 1099, 591, 0.95, 0
0002177-page22.jpg, 294, 1143, 355, 1164, 0.88, 0
0011184-page05.jpg, 783, 1013, 854, 1043, 0.39, 0
0011184-page05.jpg, 970, 1015, 1032, 1043, 0.44, 0
0203147-page24.jpg, 1051, 490, 1148, 510, 0.51, 0
0012001-page04.jpg, 706, 206, 749, 219, 0.03, 0
0005144-page01.jpg, 579, 1589, 611, 1608, 0.94, 0
0207252-page10.jpg, 419, 220, 468, 248, 0.6, 0
0201168-page03.jpg, 449, 1181, 526, 1206, 0.21, 0
0201168-page03.jpg, 644, 1181, 700, 1206, 0.23, 0
0201168-page03.jpg, 134, 1214, 173, 1237, 0.75, 0
0201168-page03.jpg, 1186, 1244, 1220, 1260, 0.66, 0
0106213-page01.jpg, 1240, 202, 1302, 228, 0.94, 0
0106213-page01.jpg, 897, 398, 962, 425, 0.9, 0
0106213-page01.jpg, 341, 1065, 380, 1082, 0.89, 0
0003239-page05.jpg, 514, 466, 557, 494, 0.81, 0
0003239-page05.jpg, 962, 466, 1012, 494, 0.52, 0
0003239-page05.jpg, 625, 537, 675, 565, 0.41, 0
0003239-page05.jpg, 454, 1210, 534, 1239, 0.46, 0
0204151-page08.jpg, 218, 1700, 285, 1729, 0.28, 0
0303153-page06.jpg, 780, 453, 867, 485, 0.13, 0
0205123-page33.jpg, 676, 1729, 742, 1750, 0.75, 0
0211126-page16.jpg, 551, 1212, 632, 1246, 0.06, 0
0203147-page11.jpg, 553, 1607, 774, 1641, 0.0, 0
0207252-page19.jpg, 342, 873, 413, 907, 0.54, 0
0009120-page07.jpg, 666, 894, 696, 910, 0.44, 0
0005070-page16.jpg, 450, 1314, 514, 1334, 0.96, 0
0209112-page03.jpg, 758, 1328, 802, 1349, 0.46, 0
0103145-page07.jpg, 313, 471, 377, 499, 0.81, 0
0103145-page07.jpg, 785, 826, 917, 848, 0.39, 0
0103145-page07.jpg, 591, 995, 733, 1019, 0.26, 0
0103145-page07.jpg, 1155, 1495, 1252, 1525, 0.37, 0
0103145-page07.jpg, 530, 1676, 556, 1693, 0.94, 0
0201005-page01.jpg, 1020, 1258, 1055, 1284, 0.87, 0
0205123-page34.jpg, 832, 990, 918, 1009, 0.0, 0
0204151-page01.jpg, 1010, 709, 1123, 733, 0.54, 0
0210138-page09.jpg, 1339, 697, 1366, 711, 0.72, 0
0205123-page16.jpg, 899, 1241, 930, 1254, 0.63, 0
0206135-page02.jpg, 341, 625, 387, 641, 0.8, 0
0206135-page02.jpg, 343, 707, 387, 723, 0.92, 0
0203147-page34.jpg, 1060, 1107, 1084, 1127, 0.83, 0
0206188-page23.jpg, 483, 1329, 552, 1360, 0.0, 0
0206188-page23.jpg, 773, 1602, 895, 1636, 0.23, 0
0206188-page23.jpg, 1061, 1605, 1140, 1634, 0.75, 0
0206188-page23.jpg, 269, 1762, 312, 1785, 0.79, 0
0109003-page12.jpg, 893, 975, 961, 997, 0.73, 0
0109003-page12.jpg, 841, 1362, 877, 1376, 0.52, 0
0102026-page08.jpg, 1057, 680, 1126, 708, 0.91, 0
0102026-page08.jpg, 916, 715, 991, 743, 0.9, 0
0003126-page26.jpg, 727, 1005, 782, 1021, 0.95, 0
0003126-page26.jpg, 654, 1158, 694, 1181, 0.0, 0
0106213-page11.jpg, 374, 349, 427, 368, 0.57, 0
0206188-page16.jpg, 605, 1180, 665, 1209, 0.35, 0
0207252-page07.jpg, 513, 1164, 657, 1183, 0.0, 0
0101226-page12.jpg, 221, 1493, 259, 1521, 0.96, 0
0206188-page18.jpg, 781, 757, 855, 776, 0.4, 0
0005174-page20.jpg, 1029, 1543, 1100, 1563, 0.96, 0
0204141-page04.jpg, 805, 477, 955, 505, 0.0, 0
0204141-page04.jpg, 890, 764, 933, 778, 0.16, 0
0304257-page12.jpg, 260, 473, 300, 501, 0.96, 0
0211037-page10.jpg, 888, 1411, 964, 1439, 0.38, 0
0211037-page10.jpg, 643, 1446, 717, 1474, 0.0, 0
0211037-page10.jpg, 1117, 1551, 1194, 1579, 0.0, 0
0006050-page38.jpg, 709, 265, 745, 290, 0.14, 0
0106213-page18.jpg, 990, 266, 1033, 285, 0.9, 0
0106213-page18.jpg, 765, 299, 807, 318, 0.9, 0
0106213-page18.jpg, 984, 610, 1028, 629, 0.9, 0
0106213-page18.jpg, 443, 855, 488, 874, 0.74, 0
0009120-page01.jpg, 674, 847, 752, 866, 0.92, 0
0106213-page09.jpg, 201, 1222, 245, 1241, 0.68, 0
0106213-page09.jpg, 865, 1222, 906, 1241, 0.88, 0
0106213-page09.jpg, 907, 1607, 995, 1625, 0.18, 0
0203195-page07.jpg, 1014, 393, 1148, 414, 0.65, 0
0205166-page18.jpg, 486, 414, 539, 443, 0.67, 0
0211037-page06.jpg, 732, 906, 798, 925, 0.4, 0
0211037-page06.jpg, 937, 1691, 1001, 1720, 0.73, 0
0204151-page07.jpg, 1185, 789, 1212, 807, 0.61, 0
0207252-page18.jpg, 572, 1211, 634, 1255, 0.33, 0
0006216-page06.jpg, 665, 256, 710, 284, 0.4, 0
0006216-page06.jpg, 592, 1351, 657, 1382, 0.64, 0
0108188-page05.jpg, 583, 507, 635, 530, 0.04, 0
0109075-page14.jpg, 402, 805, 579, 831, 0.1, 0
0109075-page14.jpg, 645, 1082, 672, 1099, 0.48, 0
0109075-page14.jpg, 576, 1737, 605, 1757, 0.91, 0
0205123-page40.jpg, 698, 1591, 736, 1611, 0.37, 0
0207164-page07.jpg, 337, 393, 402, 411, 0.95, 0
0204150-page03.jpg, 937, 181, 962, 196, 0.66, 0
0204150-page03.jpg, 1177, 907, 1265, 933, 0.0, 0
0201005-page09.jpg, 886, 708, 931, 736, 0.87, 0
0201005-page09.jpg, 879, 1164, 927, 1192, 0.52, 0
0202023-page22.jpg, 708, 307, 758, 337, 0.7, 0
0109075-page13.jpg, 883, 757, 1018, 784, 0.79, 0
0110261-page14.jpg, 828, 1224, 876, 1253, 0.8, 0
0008181-page15.jpg, 766, 1322, 802, 1347, 0.6, 0
0203178-page09.jpg, 696, 879, 772, 902, 0.1, 0
0003126-page05.jpg, 702, 913, 749, 934, 0.41, 0
0207252-page23.jpg, 585, 763, 625, 791, 0.96, 0
0111176-page14.jpg, 871, 1012, 1038, 1039, 0.63, 0
0002177-page24.jpg, 906, 611, 950, 632, 0.83, 0
0203233-page06.jpg, 976, 325, 1001, 343, 0.73, 0
0005174-page03.jpg, 250, 704, 304, 739, 0.89, 0
0301176-page11.jpg, 854, 471, 949, 503, 0.0, 0
0301176-page11.jpg, 769, 1114, 854, 1142, 0.0, 0
0108188-page08.jpg, 283, 1687, 354, 1706, 0.19, 0
0204151-page04.jpg, 522, 1342, 611, 1367, 0.1, 0
0209112-page06.jpg, 446, 1114, 502, 1138, 0.0, 0
0203147-page14.jpg, 410, 609, 564, 638, 0.74, 0
0203147-page14.jpg, 544, 1106, 614, 1134, 0.71, 0
0103145-page05.jpg, 1027, 1039, 1053, 1056, 0.9, 0
0204151-page03.jpg, 502, 204, 551, 232, 0.66, 0
0207252-page12.jpg, 918, 393, 1026, 418, 0.27, 0
0208171-page25.jpg, 955, 971, 998, 991, 0.9, 0
0208171-page25.jpg, 303, 1117, 494, 1137, 0.72, 0
0106213-page04.jpg, 1110, 847, 1153, 866, 0.91, 0
0202023-page21.jpg, 158, 681, 208, 711, 0.48, 0
0202023-page21.jpg, 948, 1209, 999, 1239, 0.58, 0
0206135-page50.jpg, 607, 683, 667, 699, 0.81, 0
0206135-page50.jpg, 741, 1574, 801, 1591, 0.73, 0
0106213-page03.jpg, 1260, 361, 1304, 381, 0.63, 0
0304067-page03.jpg, 412, 371, 470, 390, 0.85, 0
0304067-page03.jpg, 706, 631, 751, 659, 0.95, 0
0211274-page01.jpg, 493, 933, 558, 953, 0.96, 0
0108188-page06.jpg, 951, 1420, 988, 1431, 0.33, 0
0207252-page15.jpg, 862, 1624, 930, 1644, 0.25, 0
0206235-page17.jpg, 426, 1312, 482, 1356, 0.0, 0
0106249-page13.jpg, 884, 511, 920, 536, 0.94, 0
0106249-page13.jpg, 1002, 543, 1037, 569, 0.96, 0
0106249-page13.jpg, 366, 724, 550, 743, 0.28, 0
0106249-page13.jpg, 493, 1282, 532, 1296, 0.51, 0
0106249-page13.jpg, 637, 1282, 674, 1296, 0.77, 0
0106249-page13.jpg, 822, 1283, 860, 1298, 0.55, 0
0203147-page28.jpg, 795, 1229, 831, 1257, 0.9, 0
0206188-page31.jpg, 826, 1055, 971, 1075, 0.91, 0
0206188-page31.jpg, 432, 1092, 584, 1112, 0.0, 0
0206188-page31.jpg, 176, 1130, 284, 1149, 0.89, 0
0206188-page31.jpg, 393, 1130, 545, 1149, 0.32, 0
0205166-page20.jpg, 593, 239, 631, 267, 0.95, 0
0112086-page04.jpg, 969, 1055, 1013, 1066, 0.48, 0
0108158-page17.jpg, 288, 861, 359, 881, 0.58, 0
0108227-page01.jpg, 566, 654, 661, 678, 0.96, 0
0206006-page16.jpg, 434, 1185, 510, 1213, 0.79, 0
0012001-page08.jpg, 236, 748, 379, 772, 0.9, 0
0012001-page08.jpg, 610, 979, 646, 997, 0.77, 0
0110192-page12.jpg, 1213, 235, 1248, 260, 0.96, 0
0206006-page11.jpg, 1242, 420, 1307, 461, 0.16, 0
0209019-page08.jpg, 660, 1418, 720, 1446, 0.88, 0
0011057-page05.jpg, 997, 1325, 1039, 1353, 0.4, 0
0011057-page05.jpg, 1001, 1360, 1044, 1388, 0.54, 0
0106176-page15.jpg, 329, 1057, 463, 1086, 0.55, 0
0206135-page01.jpg, 341, 1336, 370, 1352, 0.5, 0
0106249-page05.jpg, 704, 752, 793, 778, 0.32, 0
0106249-page05.jpg, 511, 930, 546, 956, 0.86, 0
0112086-page12.jpg, 1225, 1518, 1266, 1537, 0.73, 0
0112086-page12.jpg, 611, 1584, 652, 1603, 0.86, 0
0206188-page20.jpg, 858, 709, 899, 718, 0.41, 0
0206188-page20.jpg, 834, 1214, 919, 1238, 0.29, 0
0110261-page01.jpg, 810, 439, 884, 475, 0.92, 0
0110261-page01.jpg, 379, 961, 421, 980, 0.72, 0
0108144-page05.jpg, 646, 1144, 713, 1172, 0.93, 0
0106213-page12.jpg, 603, 594, 749, 612, 0.25, 0
0101219-page46.jpg, 881, 462, 927, 488, 0.78, 0
0206188-page15.jpg, 320, 1178, 390, 1206, 0.12, 0
0206188-page15.jpg, 388, 1327, 452, 1364, 0.22, 0
0205123-page29.jpg, 1200, 909, 1255, 939, 0.6, 0
0205123-page29.jpg, 797, 1550, 867, 1579, 0.95, 0
0203115-page22.jpg, 289, 1335, 341, 1364, 0.92, 0
0002177-page03.jpg, 824, 628, 871, 649, 0.92, 0
0109075-page08.jpg, 549, 1730, 581, 1753, 0.54, 0
0102026-page12.jpg, 736, 1030, 787, 1072, 0.09, 0
0203071-page04.jpg, 889, 280, 935, 310, 0.43, 0
0203147-page20.jpg, 806, 1640, 839, 1653, 0.31, 0
0203071-page03.jpg, 281, 1612, 349, 1642, 0.49, 0
0203071-page03.jpg, 495, 1612, 548, 1642, 0.37, 0
0203071-page03.jpg, 1180, 1746, 1248, 1776, 0.0, 0
0203071-page03.jpg, 1350, 1746, 1396, 1776, 0.19, 0
0110159-page10.jpg, 258, 317, 322, 337, 0.96, 0
0012001-page07.jpg, 302, 1132, 346, 1158, 0.0, 0
0004120-page05.jpg, 1094, 1276, 1180, 1304, 0.71, 0
0004120-page05.jpg, 1109, 1318, 1181, 1346, 0.17, 0
0004120-page05.jpg, 176, 1360, 238, 1388, 0.5, 0
0203147-page29.jpg, 1071, 1197, 1159, 1228, 0.23, 0
0106213-page02.jpg, 440, 632, 485, 651, 0.88, 0
0106213-page02.jpg, 555, 632, 598, 651, 0.85, 0
0106213-page02.jpg, 659, 805, 695, 831, 0.44, 0
0106213-page02.jpg, 348, 1082, 391, 1101, 0.88, 0
0304067-page02.jpg, 339, 1673, 398, 1692, 0.93, 0
0202023-page27.jpg, 940, 238, 989, 267, 0.18, 0
0108188-page07.jpg, 649, 257, 727, 298, 0.14, 0
0210135-page06.jpg, 519, 1525, 567, 1575, 0.96, 0
0209112-page09.jpg, 644, 1390, 696, 1407, 0.54, 0
0207252-page14.jpg, 421, 1471, 464, 1500, 0.6, 0
0207049-page01.jpg, 1153, 132, 1207, 155, 0.85, 0
0207049-page01.jpg, 549, 346, 586, 361, 0.92, 0
0207049-page01.jpg, 1194, 564, 1234, 581, 0.8, 0
0010268-page01.jpg, 765, 1720, 808, 1732, 0.9, 0
0205123-page39.jpg, 818, 362, 858, 382, 0.75, 0
0206135-page51.jpg, 818, 498, 891, 515, 0.9, 0
0206135-page51.jpg, 436, 702, 497, 718, 0.94, 0
0205166-page14.jpg, 447, 591, 487, 619, 0.91, 0
0205166-page14.jpg, 656, 555, 694, 583, 0.93, 0
0209076-page04.jpg, 611, 1415, 698, 1417, 0.14, 0
0101226-page06.jpg, 245, 360, 463, 381, 0.68, 0
0101226-page06.jpg, 403, 398, 473, 426, 0.8, 0
0101226-page06.jpg, 360, 548, 419, 576, 0.68, 0
0101226-page06.jpg, 438, 549, 473, 577, 0.17, 0
0101226-page06.jpg, 360, 589, 420, 617, 0.2, 0
0101226-page06.jpg, 438, 589, 473, 617, 0.68, 0
0101226-page06.jpg, 325, 740, 473, 768, 0.63, 0
0101226-page06.jpg, 360, 780, 393, 808, 0.65, 0
0101226-page06.jpg, 452, 780, 473, 806, 0.36, 0
0101226-page06.jpg, 374, 933, 393, 952, 0.62, 0
0101226-page06.jpg, 410, 931, 473, 959, 0.27, 0
0101226-page06.jpg, 360, 970, 393, 999, 0.6, 0
0101226-page06.jpg, 517, 1129, 555, 1158, 0.96, 0
0101226-page06.jpg, 472, 1547, 510, 1576, 0.95, 0
0101226-page06.jpg, 768, 1547, 807, 1576, 0.94, 0
0101226-page06.jpg, 1020, 1548, 1059, 1576, 0.96, 0
0009239-page22.jpg, 745, 359, 816, 378, 0.88, 0
0211126-page12.jpg, 470, 871, 535, 899, 0.55, 0
0211126-page12.jpg, 625, 1609, 707, 1638, 0.46, 0
0101219-page23.jpg, 444, 447, 499, 463, 0.0, 0
0303153-page05.jpg, 961, 711, 1011, 740, 0.76, 0
0108188-page09.jpg, 1241, 1434, 1271, 1451, 0.73, 0
0202128-page12.jpg, 965, 321, 1056, 350, 0.04, 0
0206135-page49.jpg, 1010, 671, 1070, 687, 0.87, 0
0206135-page49.jpg, 606, 826, 667, 842, 0.92, 0
0206135-page49.jpg, 577, 903, 622, 920, 0.94, 0
0206135-page49.jpg, 546, 981, 595, 997, 0.93, 0
0206135-page49.jpg, 1021, 1504, 1079, 1521, 0.7, 0
0206135-page49.jpg, 871, 1582, 944, 1598, 0.9, 0
0204141-page01.jpg, 697, 671, 746, 697, 0.96, 0
0204141-page01.jpg, 314, 1593, 357, 1612, 0.91, 0
0101226-page10.jpg, 355, 1276, 394, 1304, 0.88, 0
0101226-page10.jpg, 530, 1276, 570, 1304, 0.93, 0
0101226-page10.jpg, 663, 1347, 701, 1375, 0.94, 0
0101226-page10.jpg, 765, 1347, 804, 1375, 0.95, 0
0204141-page06.jpg, 621, 1648, 728, 1707, 0.0, 0
0101226-page17.jpg, 643, 1075, 708, 1095, 0.93, 0
0203147-page04.jpg, 549, 757, 618, 777, 0.03, 0
0001133-page38.jpg, 547, 1229, 573, 1249, 0.6, 0
0209131-page05.jpg, 938, 1134, 980, 1157, 0.9, 0
0209071-page04.jpg, 565, 1261, 635, 1273, 0.1, 0
0206135-page47.jpg, 304, 371, 345, 394, 0.89, 0
0209131-page02.jpg, 351, 446, 389, 469, 0.06, 0
0302174-page17.jpg, 524, 1075, 545, 1088, 0.1, 0
0204123-page10.jpg, 535, 1005, 633, 1029, 0.09, 0
0210138-page02.jpg, 1327, 1381, 1365, 1399, 0.83, 0
0303157-page07.jpg, 779, 134, 820, 157, 0.37, 0
0303157-page07.jpg, 748, 1477, 822, 1500, 0.24, 0
0303157-page07.jpg, 832, 1477, 865, 1501, 0.59, 0
0303157-page07.jpg, 331, 1571, 368, 1595, 0.73, 0
0303064-page06.jpg, 852, 1686, 879, 1700, 0.96, 0
0206212-page07.jpg, 737, 1592, 863, 1612, 0.0, 0
0209235-page24.jpg, 826, 1617, 895, 1638, 0.85, 0
0106249-page04.jpg, 1169, 666, 1240, 694, 0.21, 0
0210138-page05.jpg, 467, 362, 495, 402, 0.46, 0
0203071-page12.jpg, 805, 1585, 876, 1608, 0.4, 0
0108158-page07.jpg, 1129, 1485, 1184, 1510, 0.29, 0
0101089-page17.jpg, 1034, 1281, 1086, 1325, 0.05, 0
0303153-page21.jpg, 639, 603, 735, 638, 0.33, 0
0006050-page08.jpg, 854, 471, 926, 498, 0.36, 0
0110159-page08.jpg, 272, 1510, 368, 1537, 0.79, 0
