0203115-page20.jpg, 570, 684, 667, 713, 0.01, 0
0001133-page35.jpg, 626, 219, 699, 246, 0.92, 0
0001133-page35.jpg, 752, 218, 848, 246, 0.19, 0
0001133-page35.jpg, 513, 339, 601, 367, 0.62, 0
0001133-page35.jpg, 668, 339, 751, 367, 0.43, 0
0001133-page35.jpg, 787, 339, 861, 367, 0.68, 0
0001133-page35.jpg, 732, 461, 820, 489, 0.79, 0
0001133-page35.jpg, 591, 598, 664, 626, 0.86, 0
0001133-page35.jpg, 732, 598, 820, 626, 0.87, 0
0001133-page35.jpg, 887, 598, 960, 626, 0.91, 0
0001133-page35.jpg, 1001, 598, 1073, 626, 0.79, 0
0001133-page35.jpg, 732, 720, 820, 747, 0.86, 0
0001133-page35.jpg, 887, 720, 941, 748, 0.38, 0
0001133-page35.jpg, 1009, 1010, 1107, 1038, 0.91, 0
0206135-page31.jpg, 702, 612, 763, 635, 0.57, 0
0101226-page14.jpg, 570, 1653, 629, 1681, 0.86, 0
0203147-page07.jpg, 331, 840, 385, 867, 0.92, 0
0203147-page07.jpg, 428, 840, 510, 868, 0.78, 0
0203147-page07.jpg, 875, 840, 948, 868, 0.87, 0
0203147-page07.jpg, 981, 840, 1054, 868, 0.91, 0
0203147-page07.jpg, 1093, 840, 1167, 868, 0.9, 0
0203147-page07.jpg, 252, 875, 314, 903, 0.55, 0
0203147-page07.jpg, 624, 875, 677, 903, 0.88, 0
0203147-page07.jpg, 729, 910, 884, 938, 0.41, 0
0203147-page07.jpg, 997, 910, 1079, 938, 0.26, 0
0203147-page07.jpg, 644, 946, 717, 973, 0.91, 0
0203147-page07.jpg, 252, 981, 306, 1008, 0.9, 0
0203147-page07.jpg, 780, 981, 842, 1008, 0.49, 0
0203147-page07.jpg, 888, 981, 961, 1008, 0.57, 0
0203147-page07.jpg, 908, 1016, 982, 1044, 0.87, 0
0203147-page07.jpg, 1017, 1016, 1071, 1044, 0.74, 0
0203147-page07.jpg, 252, 1086, 314, 1114, 0.52, 0
0203147-page07.jpg, 252, 1292, 306, 1320, 0.55, 0
0203147-page07.jpg, 832, 1551, 914, 1579, 0.33, 0
0203147-page07.jpg, 981, 1622, 1063, 1649, 0.13, 0
0203147-page07.jpg, 1108, 1622, 1190, 1649, 0.9, 0
0203147-page07.jpg, 767, 1657, 840, 1685, 0.91, 0
0207092-page05.jpg, 525, 1261, 669, 1288, 0.86, 0
0204151-page10.jpg, 559, 318, 696, 346, 0.41, 0
0204151-page10.jpg, 847, 463, 899, 491, 0.35, 0
0204151-page10.jpg, 603, 789, 721, 817, 0.58, 0
0204151-page10.jpg, 812, 805, 890, 837, 0.41, 0
0204151-page10.jpg, 751, 1283, 892, 1311, 0.78, 0
0204151-page10.jpg, 1134, 1354, 1204, 1380, 0.0, 0
0204151-page10.jpg, 231, 1388, 358, 1416, 0.29, 0
0204151-page10.jpg, 619, 1388, 754, 1416, 0.87, 0
0204151-page10.jpg, 768, 1655, 1043, 1683, 0.72, 0
0205166-page08.jpg, 665, 804, 738, 833, 0.06, 0
0205166-page08.jpg, 599, 861, 650, 888, 0.68, 0
0205166-page08.jpg, 660, 861, 738, 888, 0.0, 0
0209143-page02.jpg, 800, 1001, 845, 1023, 0.81, 0
0211037-page11.jpg, 579, 497, 633, 525, 0.64, 0
0211037-page11.jpg, 866, 884, 921, 911, 0.54, 0
0211037-page11.jpg, 422, 919, 484, 946, 0.08, 0
0211037-page11.jpg, 823, 1024, 912, 1052, 0.74, 0
0211037-page11.jpg, 252, 1446, 323, 1474, 0.81, 0
0201098-page12.jpg, 700, 282, 769, 310, 0.88, 0
0201098-page12.jpg, 809, 282, 878, 309, 0.89, 0
0201098-page12.jpg, 880, 1454, 949, 1481, 0.87, 0
0201098-page12.jpg, 994, 1454, 1062, 1481, 0.9, 0
0201098-page12.jpg, 1107, 1454, 1176, 1481, 0.9, 0
0201098-page12.jpg, 581, 1499, 650, 1527, 0.91, 0
0201098-page12.jpg, 696, 1495, 765, 1533, 0.15, 0
0201098-page12.jpg, 408, 1545, 462, 1572, 0.78, 0
0101089-page21.jpg, 523, 1394, 612, 1418, 0.75, 0
0106213-page19.jpg, 512, 925, 567, 950, 0.62, 0
0106213-page19.jpg, 593, 1195, 649, 1220, 0.24, 0
0203195-page10.jpg, 308, 1489, 405, 1518, 0.0, 0
0209143-page05.jpg, 498, 927, 581, 950, 0.49, 0
0209143-page05.jpg, 815, 928, 878, 950, 0.82, 0
0209143-page05.jpg, 915, 928, 961, 950, 0.81, 0
0209143-page05.jpg, 215, 956, 297, 980, 0.34, 0
0209143-page05.jpg, 459, 956, 542, 980, 0.17, 0
0209143-page05.jpg, 807, 1449, 867, 1471, 0.0, 0
0112163-page12.jpg, 889, 931, 959, 956, 0.0, 0
0112163-page12.jpg, 1015, 1108, 1092, 1143, 0.5, 0
0211126-page07.jpg, 677, 240, 731, 267, 0.77, 0
0211126-page07.jpg, 1213, 380, 1311, 407, 0.28, 0
0205123-page22.jpg, 558, 610, 654, 650, 0.0, 0
0205123-page22.jpg, 828, 783, 881, 811, 0.78, 0
0205123-page22.jpg, 919, 1021, 998, 1051, 0.68, 0
0205123-page22.jpg, 409, 1101, 451, 1130, 0.0, 0
0204141-page02.jpg, 428, 612, 522, 639, 0.78, 0
0206135-page36.jpg, 1040, 1552, 1103, 1574, 0.0, 0
0206135-page36.jpg, 383, 1581, 450, 1603, 0.67, 0
0206135-page36.jpg, 804, 1610, 864, 1632, 0.0, 0
0206135-page36.jpg, 894, 1639, 953, 1661, 0.37, 0
0206188-page19.jpg, 967, 925, 1027, 952, 0.65, 0
0206188-page19.jpg, 393, 962, 466, 990, 0.83, 0
0206188-page19.jpg, 238, 1149, 301, 1177, 0.8, 0
0207092-page02.jpg, 717, 444, 870, 471, 0.7, 0
0207092-page02.jpg, 1221, 549, 1316, 577, 0.9, 0
0207092-page02.jpg, 299, 760, 427, 787, 0.87, 0
0207092-page02.jpg, 612, 936, 761, 964, 0.9, 0
0207092-page02.jpg, 230, 1006, 383, 1033, 0.42, 0
0207092-page02.jpg, 904, 1041, 988, 1069, 0.88, 0
0207092-page02.jpg, 1055, 1041, 1200, 1069, 0.89, 0
0207092-page02.jpg, 1048, 1439, 1222, 1466, 0.55, 0
0207092-page02.jpg, 115, 1474, 174, 1501, 0.77, 0
0206135-page44.jpg, 364, 804, 423, 826, 0.11, 0
0211126-page09.jpg, 623, 1004, 699, 1032, 0.91, 0
0012069-page07.jpg, 722, 725, 781, 753, 0.62, 0
0012069-page07.jpg, 426, 866, 480, 893, 0.88, 0
0106213-page10.jpg, 835, 520, 888, 545, 0.5, 0
0211002-page02.jpg, 1094, 497, 1170, 526, 0.6, 0
0101219-page44.jpg, 508, 605, 562, 630, 0.01, 0
0101219-page44.jpg, 596, 805, 713, 830, 0.46, 0
0101219-page44.jpg, 507, 1005, 560, 1031, 0.0, 0
0101219-page44.jpg, 620, 1160, 867, 1185, 0.04, 0
0101219-page44.jpg, 610, 1333, 660, 1358, 0.27, 0
0206135-page38.jpg, 306, 400, 392, 422, 0.34, 0
0206135-page38.jpg, 613, 787, 692, 810, 0.23, 0
0206135-page38.jpg, 636, 880, 722, 902, 0.88, 0
0206135-page38.jpg, 696, 1102, 775, 1124, 0.41, 0
0206188-page17.jpg, 177, 216, 303, 244, 0.0, 0
0206188-page17.jpg, 840, 330, 876, 358, 0.32, 0
0206188-page17.jpg, 379, 327, 503, 358, 0.48, 0
0206188-page17.jpg, 553, 695, 626, 721, 0.61, 0
0206188-page17.jpg, 494, 902, 559, 930, 0.64, 0
0206188-page17.jpg, 531, 939, 591, 966, 0.58, 0
0206188-page17.jpg, 273, 1131, 333, 1159, 0.86, 0
0206188-page17.jpg, 553, 1065, 618, 1092, 0.0, 0
0206188-page17.jpg, 503, 1339, 563, 1366, 0.81, 0
0207252-page06.jpg, 1113, 1085, 1224, 1112, 0.57, 0
0005144-page17.jpg, 1102, 218, 1204, 246, 0.0, 0
0209235-page15.jpg, 354, 269, 405, 294, 0.82, 0
0209235-page15.jpg, 441, 270, 502, 294, 0.89, 0
0209235-page15.jpg, 1056, 1179, 1107, 1205, 0.62, 0
0209235-page15.jpg, 493, 1575, 541, 1600, 0.7, 0
0211002-page05.jpg, 453, 244, 560, 273, 0.76, 0
0211002-page05.jpg, 733, 298, 840, 327, 0.5, 0
0211002-page05.jpg, 186, 622, 264, 652, 0.74, 0
0211002-page05.jpg, 854, 622, 924, 651, 0.9, 0
0211002-page05.jpg, 1139, 1644, 1247, 1673, 0.83, 0
0006246-page05.jpg, 495, 1107, 562, 1132, 0.7, 0
0202128-page09.jpg, 419, 322, 491, 349, 0.07, 0
0202128-page09.jpg, 529, 498, 615, 525, 0.77, 0
0202128-page09.jpg, 569, 532, 633, 560, 0.87, 0
0202128-page09.jpg, 254, 567, 323, 595, 0.3, 0
0202128-page09.jpg, 365, 602, 429, 630, 0.79, 0
0202128-page09.jpg, 1115, 1024, 1193, 1051, 0.56, 0
0202128-page09.jpg, 942, 1095, 1028, 1122, 0.57, 0
0206188-page10.jpg, 892, 291, 988, 323, 0.0, 0
0206188-page10.jpg, 776, 620, 841, 648, 0.68, 0
0206188-page10.jpg, 732, 687, 795, 714, 0.05, 0
0206188-page10.jpg, 535, 828, 595, 856, 0.43, 0
0203147-page09.jpg, 981, 548, 1053, 575, 0.48, 0
0205166-page06.jpg, 566, 615, 640, 642, 0.0, 0
0005219-page16.jpg, 806, 828, 883, 856, 0.81, 0
0005219-page16.jpg, 780, 1553, 818, 1584, 0.17, 0
0106213-page17.jpg, 778, 429, 828, 454, 0.89, 0
0106213-page17.jpg, 509, 1505, 578, 1530, 0.31, 0
0206188-page25.jpg, 1018, 312, 1083, 340, 0.87, 0
0206188-page25.jpg, 1023, 1311, 1193, 1340, 0.33, 0
0206188-page25.jpg, 1237, 1312, 1307, 1339, 0.74, 0
0206212-page04.jpg, 1320, 1104, 1365, 1126, 0.74, 0
0008181-page05.jpg, 361, 773, 435, 800, 0.89, 0
0110159-page02.jpg, 324, 1275, 397, 1303, 0.9, 0
0110159-page02.jpg, 1245, 1064, 1329, 1091, 0.89, 0
0106249-page07.jpg, 986, 310, 1054, 335, 0.78, 0
0106249-page07.jpg, 801, 530, 869, 554, 0.81, 0
0106249-page07.jpg, 1133, 562, 1202, 588, 0.87, 0
0106249-page07.jpg, 1161, 1064, 1229, 1089, 0.87, 0
0202106-page06.jpg, 682, 705, 833, 736, 0.0, 0
0202106-page06.jpg, 699, 1492, 782, 1519, 0.52, 0
0210138-page06.jpg, 554, 310, 628, 339, 0.36, 0
0210138-page06.jpg, 907, 1556, 950, 1578, 0.82, 0
0210138-page06.jpg, 895, 1588, 962, 1611, 0.85, 0
0210138-page06.jpg, 861, 1668, 928, 1691, 0.89, 0
0212320-page08.jpg, 1139, 590, 1190, 616, 0.9, 0
0206023-page04.jpg, 684, 1512, 759, 1542, 0.77, 0
0102066-page06.jpg, 979, 304, 1051, 332, 0.4, 0
0102066-page06.jpg, 979, 1436, 1058, 1467, 0.0, 0
0102066-page06.jpg, 935, 1524, 1006, 1553, 0.9, 0
0202023-page07.jpg, 827, 1300, 980, 1330, 0.51, 0
0112086-page10.jpg, 236, 325, 290, 350, 0.48, 0
0112086-page10.jpg, 499, 321, 671, 353, 0.0, 0
0112086-page10.jpg, 465, 519, 532, 544, 0.58, 0
0112086-page10.jpg, 346, 849, 456, 874, 0.0, 0
0112086-page10.jpg, 496, 849, 574, 874, 0.13, 0
0112086-page10.jpg, 1051, 901, 1118, 931, 0.0, 0
0112086-page10.jpg, 818, 981, 886, 1010, 0.51, 0
0112086-page10.jpg, 247, 1149, 301, 1174, 0.77, 0
0112086-page10.jpg, 500, 1145, 622, 1175, 0.74, 0
0112086-page10.jpg, 960, 1201, 1027, 1231, 0.4, 0
0112086-page10.jpg, 649, 1288, 706, 1313, 0.9, 0
0112086-page10.jpg, 199, 1560, 360, 1585, 0.11, 0
0112086-page10.jpg, 400, 1560, 489, 1585, 0.0, 0
0112086-page10.jpg, 613, 1687, 679, 1712, 0.64, 0
0112086-page10.jpg, 789, 1684, 863, 1715, 0.58, 0
0112086-page10.jpg, 825, 1765, 893, 1794, 0.42, 0
0210138-page01.jpg, 371, 344, 426, 364, 0.88, 0
0210138-page01.jpg, 963, 445, 1018, 466, 0.72, 0
0210138-page01.jpg, 1046, 445, 1100, 466, 0.92, 0
0205123-page19.jpg, 838, 876, 901, 903, 0.88, 0
0205123-page19.jpg, 339, 1159, 423, 1187, 0.33, 0
0205123-page19.jpg, 416, 1212, 487, 1239, 0.79, 0
0205123-page19.jpg, 548, 1212, 663, 1240, 0.57, 0
0205123-page19.jpg, 723, 1362, 793, 1390, 0.05, 0
0205123-page19.jpg, 846, 1362, 901, 1390, 0.88, 0
0205123-page19.jpg, 1193, 1362, 1255, 1389, 0.64, 0
0206188-page22.jpg, 1043, 179, 1112, 206, 0.52, 0
0206188-page22.jpg, 703, 243, 764, 271, 0.82, 0
0206188-page22.jpg, 1171, 1097, 1231, 1125, 0.28, 0
0109003-page13.jpg, 354, 624, 428, 660, 0.52, 0
0110159-page05.jpg, 222, 505, 295, 533, 0.12, 0
0201098-page20.jpg, 1026, 592, 1096, 620, 0.91, 0
0201098-page20.jpg, 836, 1186, 905, 1213, 0.85, 0
0201098-page20.jpg, 936, 1186, 1005, 1213, 0.9, 0
0201098-page20.jpg, 596, 1323, 665, 1351, 0.89, 0
0201098-page20.jpg, 706, 1323, 775, 1350, 0.78, 0
0205123-page17.jpg, 849, 833, 911, 860, 0.86, 0
0206135-page03.jpg, 491, 813, 541, 835, 0.35, 0
0108158-page03.jpg, 1023, 1236, 1068, 1263, 0.0, 0
0108158-page03.jpg, 539, 1796, 597, 1823, 0.58, 0
0301014-page10.jpg, 682, 1230, 755, 1257, 0.76, 0
0301014-page10.jpg, 1079, 1229, 1193, 1257, 0.07, 0
0301014-page10.jpg, 1037, 1405, 1111, 1432, 0.9, 0
0301176-page01.jpg, 721, 463, 796, 504, 0.76, 0
0301176-page01.jpg, 400, 1207, 453, 1234, 0.91, 0
0102026-page07.jpg, 390, 1749, 468, 1776, 0.86, 0
0203147-page32.jpg, 991, 398, 1117, 425, 0.72, 0
0203147-page32.jpg, 747, 488, 839, 516, 0.0, 0
0209235-page29.jpg, 511, 1159, 599, 1186, 0.0, 0
0209235-page29.jpg, 428, 1186, 461, 1198, 0.29, 0
0108158-page04.jpg, 306, 1724, 359, 1752, 0.83, 0
0110192-page01.jpg, 779, 1216, 847, 1241, 0.24, 0
0106249-page09.jpg, 985, 205, 1115, 231, 0.73, 0
0106249-page09.jpg, 812, 548, 881, 573, 0.62, 0
0205123-page10.jpg, 678, 388, 768, 416, 0.42, 0
0205123-page10.jpg, 1080, 388, 1170, 416, 0.72, 0
0205123-page10.jpg, 979, 423, 1058, 451, 0.76, 0
0205123-page10.jpg, 754, 455, 827, 491, 0.79, 0
0205123-page10.jpg, 754, 491, 844, 534, 0.9, 0
0205123-page10.jpg, 1079, 495, 1159, 530, 0.48, 0
0102066-page08.jpg, 581, 579, 684, 608, 0.48, 0
0102066-page08.jpg, 654, 1048, 837, 1109, 0.0, 0
0203147-page23.jpg, 363, 427, 416, 454, 0.5, 0
0203147-page23.jpg, 458, 427, 520, 454, 0.77, 0
0203147-page23.jpg, 682, 660, 735, 687, 0.9, 0
0203147-page23.jpg, 415, 851, 469, 879, 0.89, 0
0108227-page03.jpg, 381, 392, 446, 419, 0.0, 0
0108227-page03.jpg, 1106, 462, 1162, 489, 0.71, 0
0108227-page03.jpg, 799, 497, 862, 525, 0.74, 0
0108227-page03.jpg, 1065, 532, 1125, 560, 0.85, 0
0108227-page03.jpg, 1000, 567, 1070, 595, 0.34, 0
0108227-page03.jpg, 327, 1156, 392, 1183, 0.21, 0
0108227-page03.jpg, 560, 1593, 625, 1619, 0.0, 0
0206135-page15.jpg, 573, 313, 621, 336, 0.61, 0
0206135-page15.jpg, 305, 343, 389, 364, 0.86, 0
0206135-page15.jpg, 448, 529, 496, 551, 0.32, 0
0206135-page15.jpg, 610, 763, 658, 785, 0.58, 0
0206135-page15.jpg, 927, 850, 996, 872, 0.78, 0
0206135-page15.jpg, 655, 992, 732, 1014, 0.66, 0
0206135-page15.jpg, 523, 1298, 601, 1321, 0.84, 0
0206135-page15.jpg, 396, 1328, 472, 1350, 0.34, 0
0206135-page15.jpg, 779, 1641, 832, 1663, 0.49, 0
0202023-page18.jpg, 904, 1388, 965, 1418, 0.05, 0
0203178-page06.jpg, 570, 319, 682, 354, 0.49, 0
0206006-page14.jpg, 1169, 1537, 1254, 1565, 0.26, 0
0112086-page08.jpg, 359, 999, 409, 1023, 0.33, 0
0101219-page15.jpg, 679, 1027, 735, 1052, 0.33, 0
0101219-page15.jpg, 416, 1213, 544, 1240, 0.0, 0
0002177-page22.jpg, 1011, 1252, 1114, 1287, 0.09, 0
0110083-page06.jpg, 782, 540, 864, 572, 0.02, 0
0108158-page12.jpg, 873, 766, 970, 794, 0.3, 0
0108158-page12.jpg, 390, 1422, 444, 1449, 0.9, 0
0203147-page24.jpg, 1108, 643, 1193, 670, 0.95, 0
0203147-page24.jpg, 523, 1253, 596, 1281, 0.91, 0
0108227-page04.jpg, 833, 596, 898, 624, 0.11, 0
0108227-page04.jpg, 286, 1018, 342, 1046, 0.8, 0
0108227-page04.jpg, 986, 1334, 1066, 1362, 0.19, 0
0102026-page11.jpg, 177, 1063, 301, 1091, 0.0, 0
0102026-page11.jpg, 862, 1272, 942, 1301, 0.78, 0
0102026-page11.jpg, 835, 1345, 956, 1372, 0.33, 0
0102026-page11.jpg, 1219, 1379, 1288, 1406, 0.92, 0
0301014-page06.jpg, 789, 1045, 863, 1072, 0.82, 0
0301014-page06.jpg, 911, 1044, 1017, 1072, 0.53, 0
0206135-page12.jpg, 479, 387, 532, 409, 0.8, 0
0206135-page12.jpg, 679, 547, 733, 569, 0.33, 0
0206135-page12.jpg, 650, 605, 704, 628, 0.89, 0
0206135-page12.jpg, 779, 634, 833, 656, 0.73, 0
0206135-page12.jpg, 640, 987, 693, 1009, 0.52, 0
0206135-page12.jpg, 849, 1182, 915, 1205, 0.24, 0
0206135-page12.jpg, 391, 1211, 445, 1234, 0.5, 0
0206135-page12.jpg, 411, 1241, 476, 1263, 0.58, 0
0206135-page12.jpg, 958, 1270, 1023, 1291, 0.11, 0
0203115-page03.jpg, 486, 1169, 586, 1195, 0.9, 0
0203115-page03.jpg, 636, 1169, 759, 1195, 0.9, 0
0203115-page03.jpg, 533, 1204, 657, 1230, 0.48, 0
0203115-page03.jpg, 709, 1204, 832, 1230, 0.24, 0
0102066-page10.jpg, 663, 931, 707, 953, 0.0, 0
0201229-page08.jpg, 977, 690, 1067, 718, 0.0, 0
0012001-page03.jpg, 795, 888, 885, 914, 0.39, 0
0101232-page04.jpg, 850, 905, 970, 946, 0.93, 0
0101232-page04.jpg, 1034, 905, 1162, 946, 0.91, 0
0101232-page04.jpg, 1191, 1080, 1276, 1108, 0.94, 0
0101232-page04.jpg, 358, 1514, 503, 1542, 0.05, 0
0101232-page04.jpg, 905, 1514, 960, 1542, 0.52, 0
0201046-page05.jpg, 857, 1284, 913, 1312, 0.61, 0
0201046-page05.jpg, 1108, 1411, 1162, 1439, 0.76, 0
0207252-page22.jpg, 708, 715, 857, 742, 0.9, 0
0212236-page10.jpg, 970, 1514, 1036, 1542, 0.69, 0
0212236-page10.jpg, 700, 1584, 796, 1611, 0.81, 0
0212236-page10.jpg, 989, 1584, 1086, 1612, 0.53, 0
0212236-page10.jpg, 843, 1619, 915, 1647, 0.85, 0
0212236-page10.jpg, 970, 1620, 1075, 1647, 0.37, 0
0008181-page13.jpg, 632, 322, 696, 349, 0.0, 0
0008181-page13.jpg, 910, 392, 974, 419, 0.0, 0
0203071-page09.jpg, 754, 1728, 1046, 1766, 0.0, 0
0208171-page15.jpg, 897, 280, 984, 304, 0.86, 0
0208171-page15.jpg, 648, 1531, 699, 1556, 0.78, 0
0208171-page15.jpg, 1086, 1528, 1144, 1556, 0.44, 0
0204060-page06.jpg, 542, 695, 596, 722, 0.9, 0
0203178-page08.jpg, 627, 1523, 722, 1551, 0.88, 0
0202023-page16.jpg, 475, 601, 551, 626, 0.0, 0
0112086-page06.jpg, 1148, 716, 1216, 740, 0.65, 0
0112086-page06.jpg, 740, 1481, 797, 1506, 0.63, 0
0112086-page06.jpg, 428, 1572, 493, 1601, 0.82, 0
0012001-page04.jpg, 662, 1516, 704, 1534, 0.82, 0
0203147-page18.jpg, 253, 682, 377, 717, 0.0, 0
0209235-page03.jpg, 1108, 488, 1172, 513, 0.63, 0
0210135-page02.jpg, 1050, 869, 1131, 896, 0.48, 0
0211223-page01.jpg, 880, 293, 980, 313, 0.45, 0
0211223-page01.jpg, 814, 652, 885, 674, 0.84, 0
0211223-page01.jpg, 546, 881, 626, 903, 0.5, 0
0005144-page01.jpg, 869, 1552, 940, 1579, 0.82, 0
0005144-page01.jpg, 412, 1587, 474, 1615, 0.76, 0
0005144-page01.jpg, 878, 1622, 948, 1650, 0.84, 0
0010268-page02.jpg, 773, 1505, 824, 1528, 0.92, 0
0106213-page06.jpg, 930, 466, 1009, 495, 0.0, 0
0301236-page18.jpg, 694, 1079, 766, 1106, 0.82, 0
0205045-page03.jpg, 551, 1479, 617, 1502, 0.09, 0
0108188-page03.jpg, 672, 780, 758, 802, 0.87, 0
0108188-page03.jpg, 947, 1379, 1010, 1400, 0.19, 0
0005219-page07.jpg, 600, 1359, 681, 1389, 0.7, 0
0211274-page04.jpg, 177, 467, 262, 494, 0.95, 0
0211274-page04.jpg, 459, 1649, 503, 1671, 0.58, 0
0109075-page12.jpg, 388, 448, 438, 473, 0.0, 0
0109075-page12.jpg, 640, 481, 691, 506, 0.75, 0
0109075-page12.jpg, 586, 530, 640, 555, 0.27, 0
0201168-page03.jpg, 205, 1186, 253, 1207, 0.43, 0
0201168-page03.jpg, 1249, 1505, 1294, 1528, 0.79, 0
0010268-page05.jpg, 828, 507, 881, 528, 0.1, 0
0003239-page05.jpg, 191, 361, 340, 389, 0.24, 0
0003239-page05.jpg, 383, 1316, 444, 1344, 0.71, 0
0003239-page05.jpg, 811, 1351, 960, 1378, 0.66, 0
0003239-page05.jpg, 458, 1387, 607, 1414, 0.66, 0
0003239-page05.jpg, 1161, 1387, 1330, 1414, 0.46, 0
0003239-page05.jpg, 543, 1421, 625, 1449, 0.84, 0
0003239-page05.jpg, 868, 1421, 1065, 1449, 0.85, 0
0003239-page05.jpg, 552, 1456, 701, 1484, 0.45, 0
0003239-page05.jpg, 947, 1457, 1164, 1484, 0.85, 0
0003239-page05.jpg, 542, 1561, 771, 1589, 0.38, 0
0003239-page05.jpg, 724, 1632, 904, 1660, 0.79, 0
0211037-page09.jpg, 746, 498, 793, 525, 0.38, 0
0211037-page09.jpg, 697, 568, 744, 595, 0.5, 0
0211037-page09.jpg, 423, 1268, 505, 1298, 0.73, 0
0211037-page09.jpg, 497, 1584, 578, 1615, 0.42, 0
0108188-page04.jpg, 253, 1693, 312, 1716, 0.0, 0
0211274-page03.jpg, 322, 444, 412, 473, 0.0, 0
0211274-page03.jpg, 1147, 751, 1232, 778, 0.58, 0
0210135-page05.jpg, 339, 1310, 430, 1341, 0.23, 0
0210135-page05.jpg, 583, 1313, 639, 1341, 0.23, 0
0210135-page05.jpg, 929, 1314, 996, 1341, 0.12, 0
0206135-page29.jpg, 614, 366, 714, 390, 0.51, 0
0206135-page29.jpg, 605, 909, 658, 932, 0.8, 0
0206135-page29.jpg, 694, 909, 749, 932, 0.37, 0
0206135-page29.jpg, 619, 1589, 671, 1611, 0.59, 0
0206135-page29.jpg, 913, 1589, 988, 1611, 0.82, 0
0206135-page29.jpg, 702, 1696, 778, 1718, 0.81, 0
0208171-page20.jpg, 706, 716, 831, 750, 0.36, 0
0208171-page20.jpg, 218, 956, 309, 981, 0.85, 0
0206188-page06.jpg, 816, 661, 880, 689, 0.58, 0
0209001-page26.jpg, 873, 1293, 998, 1329, 0.27, 0
0201005-page08.jpg, 875, 357, 922, 384, 0.18, 0
0205123-page33.jpg, 646, 361, 703, 387, 0.5, 0
0211037-page07.jpg, 918, 1481, 1024, 1508, 0.66, 0
0112163-page03.jpg, 1023, 130, 1078, 159, 0.77, 0
0112163-page03.jpg, 330, 458, 414, 483, 0.63, 0
0112163-page03.jpg, 302, 1014, 376, 1042, 0.77, 0
0112163-page03.jpg, 440, 1014, 516, 1042, 0.02, 0
0203195-page01.jpg, 518, 483, 657, 533, 0.92, 0
0203195-page01.jpg, 690, 908, 754, 932, 0.92, 0
0203195-page01.jpg, 721, 941, 869, 966, 0.8, 0
0304257-page05.jpg, 914, 1679, 1001, 1722, 0.0, 0
0203147-page11.jpg, 639, 718, 695, 745, 0.76, 0
0203147-page11.jpg, 655, 752, 711, 780, 0.73, 0
0203147-page11.jpg, 504, 968, 561, 996, 0.44, 0
0207252-page19.jpg, 1113, 221, 1224, 248, 0.82, 0
0207252-page19.jpg, 1006, 1081, 1084, 1110, 0.0, 0
0206135-page27.jpg, 456, 449, 515, 471, 0.78, 0
0206135-page27.jpg, 681, 537, 730, 559, 0.91, 0
0206135-page27.jpg, 889, 536, 940, 559, 0.83, 0
0206135-page27.jpg, 587, 609, 638, 631, 0.2, 0
0206135-page27.jpg, 837, 609, 897, 630, 0.68, 0
0206135-page27.jpg, 605, 667, 662, 689, 0.58, 0
0206135-page27.jpg, 681, 667, 732, 689, 0.78, 0
0206135-page27.jpg, 980, 667, 1031, 689, 0.83, 0
0206135-page27.jpg, 556, 828, 607, 849, 0.93, 0
0206135-page27.jpg, 825, 827, 887, 849, 0.63, 0
0206135-page27.jpg, 711, 1118, 764, 1140, 0.21, 0
0206135-page27.jpg, 1005, 1403, 1052, 1425, 0.65, 0
0301176-page22.jpg, 864, 430, 917, 457, 0.9, 0
0301176-page22.jpg, 909, 647, 964, 674, 0.6, 0
0009120-page07.jpg, 379, 464, 454, 489, 0.0, 0
0201005-page06.jpg, 700, 552, 771, 584, 0.0, 0
0209112-page03.jpg, 723, 1071, 760, 1092, 0.0, 0
0209112-page03.jpg, 403, 1101, 440, 1122, 0.2, 0
0209112-page03.jpg, 379, 1183, 437, 1205, 0.0, 0
0209112-page03.jpg, 355, 1500, 401, 1522, 0.78, 0
0203147-page16.jpg, 380, 668, 423, 691, 0.34, 0
0203147-page16.jpg, 1056, 1222, 1109, 1250, 0.6, 0
0203147-page16.jpg, 683, 1327, 737, 1354, 0.66, 0
0203147-page16.jpg, 524, 1398, 577, 1425, 0.73, 0
0203147-page16.jpg, 1111, 1433, 1151, 1460, 0.9, 0
0206135-page20.jpg, 562, 518, 625, 540, 0.61, 0
0206135-page20.jpg, 576, 575, 636, 597, 0.58, 0
0206135-page20.jpg, 764, 868, 820, 890, 0.64, 0
0206135-page20.jpg, 683, 1024, 733, 1047, 0.84, 0
0206135-page20.jpg, 892, 1025, 943, 1046, 0.85, 0
0206135-page20.jpg, 553, 1593, 654, 1615, 0.74, 0
0005070-page11.jpg, 844, 702, 903, 730, 0.26, 0
0005070-page11.jpg, 612, 791, 682, 819, 0.59, 0
0205123-page34.jpg, 629, 1204, 707, 1231, 0.68, 0
0205123-page34.jpg, 641, 1482, 721, 1508, 0.89, 0
0205123-page34.jpg, 462, 1522, 542, 1549, 0.91, 0
0205123-page34.jpg, 776, 1649, 855, 1677, 0.87, 0
0203195-page06.jpg, 653, 819, 743, 847, 0.06, 0
0204151-page01.jpg, 530, 521, 1050, 571, 0.91, 0
0204151-page01.jpg, 514, 1165, 660, 1193, 0.28, 0
0204151-page01.jpg, 114, 1235, 285, 1263, 0.9, 0
0204151-page01.jpg, 789, 1235, 923, 1263, 0.34, 0
0002177-page17.jpg, 482, 905, 550, 933, 0.74, 0
0002177-page17.jpg, 792, 1530, 860, 1557, 0.52, 0
0301014-page11.jpg, 416, 568, 489, 595, 0.86, 0
0301014-page11.jpg, 530, 567, 604, 595, 0.81, 0
0301014-page11.jpg, 748, 567, 862, 595, 0.85, 0
0301014-page11.jpg, 333, 637, 407, 665, 0.79, 0
0301014-page11.jpg, 448, 637, 521, 665, 0.85, 0
0009239-page04.jpg, 1112, 1375, 1179, 1403, 0.29, 0
0102026-page06.jpg, 1134, 1562, 1252, 1593, 0.16, 0
0108158-page05.jpg, 913, 491, 980, 519, 0.28, 0
0108158-page05.jpg, 725, 1460, 808, 1498, 0.18, 0
0205123-page11.jpg, 522, 476, 602, 504, 0.31, 0
0205123-page11.jpg, 854, 1015, 919, 1043, 0.91, 0
0205123-page11.jpg, 291, 1084, 356, 1111, 0.9, 0
0205123-page11.jpg, 414, 1328, 509, 1355, 0.51, 0
0205123-page11.jpg, 626, 1634, 696, 1661, 0.89, 0
0201149-page08.jpg, 889, 887, 966, 916, 0.22, 0
0205123-page16.jpg, 837, 1365, 923, 1397, 0.0, 0
0001133-page06.jpg, 863, 946, 971, 987, 0.92, 0
0001133-page06.jpg, 594, 1030, 671, 1058, 0.24, 0
0001133-page06.jpg, 1047, 1168, 1122, 1195, 0.16, 0
0108111-page05.jpg, 723, 623, 789, 651, 0.95, 0
0108111-page05.jpg, 570, 691, 704, 719, 0.78, 0
0108111-page05.jpg, 823, 691, 896, 719, 0.39, 0
0108111-page05.jpg, 500, 1229, 574, 1257, 0.41, 0
0108111-page05.jpg, 570, 1348, 636, 1375, 0.92, 0
0108111-page05.jpg, 673, 1576, 729, 1602, 0.36, 0
0102026-page01.jpg, 1033, 374, 1172, 424, 0.9, 0
0102026-page01.jpg, 941, 1024, 1006, 1049, 0.92, 0
0108158-page02.jpg, 797, 563, 837, 590, 0.88, 0
0112086-page11.jpg, 384, 538, 525, 563, 0.09, 0
0112086-page11.jpg, 1042, 1544, 1111, 1570, 0.35, 0
0205123-page18.jpg, 575, 322, 629, 349, 0.79, 0
0205123-page18.jpg, 999, 948, 1053, 976, 0.82, 0
0205123-page18.jpg, 368, 1649, 435, 1677, 0.86, 0
0206188-page23.jpg, 291, 497, 351, 524, 0.92, 0
0206188-page23.jpg, 539, 602, 599, 630, 0.58, 0
0206188-page23.jpg, 850, 1727, 901, 1750, 0.82, 0
0303064-page04.jpg, 715, 735, 816, 763, 0.44, 0
0209235-page21.jpg, 613, 465, 676, 508, 0.62, 0
0302174-page20.jpg, 662, 730, 730, 758, 0.49, 0
0302174-page20.jpg, 620, 1158, 688, 1185, 0.26, 0
0109003-page12.jpg, 444, 783, 599, 810, 0.17, 0
0110159-page04.jpg, 601, 221, 674, 248, 0.87, 0
0110159-page04.jpg, 326, 1799, 385, 1831, 0.0, 0
0206188-page24.jpg, 987, 253, 1047, 281, 0.0, 0
0206188-page24.jpg, 793, 365, 864, 392, 0.8, 0
0206188-page24.jpg, 788, 514, 857, 542, 0.49, 0
0206188-page24.jpg, 906, 552, 971, 579, 0.58, 0
0206188-page24.jpg, 471, 1459, 531, 1487, 0.48, 0
0206188-page24.jpg, 388, 1565, 448, 1593, 0.87, 0
0208171-page02.jpg, 714, 885, 802, 910, 0.9, 0
0208171-page02.jpg, 285, 1175, 474, 1200, 0.65, 0
0208171-page02.jpg, 1078, 1175, 1275, 1200, 0.62, 0
0008181-page04.jpg, 402, 1433, 568, 1460, 0.02, 0
0110159-page03.jpg, 688, 854, 761, 882, 0.87, 0
0110159-page03.jpg, 799, 854, 881, 882, 0.82, 0
0110159-page03.jpg, 479, 889, 658, 917, 0.89, 0
0110159-page03.jpg, 389, 924, 589, 952, 0.61, 0
0107132-page07.jpg, 553, 590, 658, 642, 0.16, 0
0005219-page22.jpg, 497, 1112, 565, 1139, 0.89, 0
0005219-page22.jpg, 608, 1112, 681, 1139, 0.9, 0
0005219-page22.jpg, 680, 1378, 749, 1406, 0.92, 0
0005219-page22.jpg, 931, 1378, 1014, 1406, 0.51, 0
0005219-page22.jpg, 1078, 1378, 1157, 1406, 0.3, 0
0005219-page22.jpg, 544, 1657, 612, 1685, 0.88, 0
0210138-page07.jpg, 659, 500, 718, 523, 0.91, 0
0211002-page04.jpg, 1083, 973, 1191, 1003, 0.77, 0
0006246-page04.jpg, 636, 553, 706, 577, 0.22, 0
0206188-page11.jpg, 1245, 969, 1306, 1003, 0.5, 0
0203147-page08.jpg, 915, 322, 977, 349, 0.85, 0
0203147-page08.jpg, 557, 427, 620, 454, 0.32, 0
0203147-page08.jpg, 695, 427, 761, 454, 0.66, 0
0203147-page08.jpg, 956, 686, 1034, 714, 0.58, 0
0203147-page08.jpg, 726, 1604, 780, 1632, 0.87, 0
0209235-page13.jpg, 178, 1263, 227, 1288, 0.36, 0
0209235-page13.jpg, 796, 1296, 845, 1321, 0.56, 0
0209235-page13.jpg, 1087, 1633, 1149, 1658, 0.28, 0
0210135-page12.jpg, 665, 1448, 866, 1478, 0.13, 0
0002177-page09.jpg, 783, 855, 851, 882, 0.32, 0
0205166-page07.jpg, 698, 537, 754, 565, 0.5, 0
0205166-page07.jpg, 623, 718, 689, 746, 0.67, 0
0206135-page42.jpg, 507, 536, 582, 559, 0.75, 0
0003126-page26.jpg, 1089, 1535, 1139, 1557, 0.75, 0
0106213-page16.jpg, 883, 1130, 933, 1155, 0.87, 0
0206135-page45.jpg, 538, 1679, 607, 1701, 0.71, 0
0206135-page45.jpg, 670, 1676, 763, 1701, 0.0, 0
0005219-page10.jpg, 924, 66, 1013, 94, 0.72, 0
0005219-page10.jpg, 391, 320, 479, 348, 0.16, 0
0005219-page10.jpg, 1071, 1315, 1132, 1342, 0.77, 0
0005219-page10.jpg, 322, 1389, 426, 1416, 0.82, 0
0005219-page10.jpg, 472, 1389, 693, 1417, 0.47, 0
0108144-page06.jpg, 395, 914, 456, 942, 0.03, 0
0108144-page06.jpg, 650, 1219, 779, 1249, 0.0, 0
0003126-page21.jpg, 873, 343, 956, 365, 0.22, 0
0003126-page21.jpg, 682, 606, 765, 628, 0.27, 0
0003126-page21.jpg, 439, 700, 511, 720, 0.03, 0
0003126-page21.jpg, 543, 700, 595, 722, 0.0, 0
0003126-page21.jpg, 636, 751, 716, 772, 0.0, 0
0003126-page21.jpg, 606, 961, 651, 981, 0.1, 0
0003126-page21.jpg, 706, 1012, 755, 1034, 0.59, 0
0003126-page21.jpg, 305, 1039, 444, 1064, 0.0, 0
0003126-page21.jpg, 335, 1246, 406, 1281, 0.27, 0
0003126-page21.jpg, 918, 1255, 1045, 1278, 0.0, 0
0003126-page21.jpg, 365, 1475, 473, 1497, 0.0, 0
0003126-page21.jpg, 509, 1475, 566, 1497, 0.0, 0
0003126-page21.jpg, 452, 1577, 509, 1600, 0.49, 0
0003126-page21.jpg, 886, 1688, 943, 1709, 0.02, 0
0106213-page11.jpg, 789, 918, 838, 943, 0.5, 0
0106213-page11.jpg, 812, 1475, 862, 1500, 0.89, 0
0211002-page03.jpg, 255, 672, 371, 717, 0.21, 0
0206135-page39.jpg, 639, 738, 716, 760, 0.4, 0
0206135-page39.jpg, 777, 735, 867, 761, 0.2, 0
0206135-page39.jpg, 909, 735, 995, 760, 0.53, 0
0206135-page39.jpg, 1035, 738, 1094, 760, 0.8, 0
0206135-page39.jpg, 790, 796, 855, 817, 0.0, 0
0206188-page16.jpg, 916, 234, 980, 269, 0.42, 0
0206188-page16.jpg, 1191, 636, 1251, 663, 0.79, 0
0206188-page16.jpg, 176, 673, 242, 700, 0.83, 0
0206188-page16.jpg, 548, 838, 608, 866, 0.76, 0
0206188-page16.jpg, 674, 838, 739, 866, 0.68, 0
0206188-page16.jpg, 566, 1020, 618, 1050, 0.23, 0
0206188-page16.jpg, 732, 1022, 818, 1051, 0.46, 0
0206188-page16.jpg, 750, 1104, 795, 1132, 0.41, 0
0209143-page04.jpg, 533, 304, 592, 326, 0.0, 0
0209143-page04.jpg, 957, 857, 1017, 880, 0.46, 0
0209143-page04.jpg, 160, 916, 220, 938, 0.1, 0
0209143-page04.jpg, 602, 916, 661, 938, 0.8, 0
0209143-page04.jpg, 551, 974, 611, 996, 0.72, 0
0209143-page04.jpg, 621, 1032, 680, 1054, 0.73, 0
0209143-page04.jpg, 1155, 1119, 1218, 1142, 0.91, 0
0209143-page04.jpg, 357, 1281, 402, 1303, 0.79, 0
0209143-page04.jpg, 160, 1310, 220, 1332, 0.0, 0
0209143-page04.jpg, 931, 1496, 976, 1517, 0.58, 0
0209143-page04.jpg, 1024, 1495, 1142, 1517, 0.43, 0
0209143-page04.jpg, 618, 1595, 656, 1630, 0.68, 0
0209143-page04.jpg, 663, 1633, 680, 1654, 0.13, 0
0301236-page01.jpg, 1025, 1118, 1121, 1143, 0.3, 0
0205123-page23.jpg, 1193, 672, 1256, 700, 0.36, 0
0205123-page23.jpg, 1140, 809, 1221, 837, 0.0, 0
0005070-page06.jpg, 507, 1455, 612, 1483, 0.0, 0
0206135-page37.jpg, 1034, 430, 1138, 451, 0.12, 0
0206135-page37.jpg, 655, 1174, 697, 1197, 0.39, 0
0206135-page37.jpg, 899, 1345, 979, 1367, 0.86, 0
0206135-page37.jpg, 895, 1502, 947, 1524, 0.87, 0
0001133-page33.jpg, 393, 522, 477, 549, 0.94, 0
0001133-page33.jpg, 1063, 522, 1145, 550, 0.88, 0
0001133-page33.jpg, 803, 615, 876, 642, 0.76, 0
0001133-page33.jpg, 468, 723, 541, 751, 0.92, 0
0001133-page33.jpg, 584, 723, 668, 751, 0.76, 0
0001133-page33.jpg, 1191, 723, 1275, 751, 0.84, 0
0001133-page33.jpg, 241, 769, 322, 797, 0.77, 0
0001133-page33.jpg, 967, 769, 1040, 796, 0.81, 0
0001133-page33.jpg, 1226, 769, 1310, 797, 0.82, 0
0001133-page33.jpg, 550, 861, 624, 889, 0.81, 0
0001133-page33.jpg, 664, 862, 737, 889, 0.75, 0
0001133-page33.jpg, 692, 1000, 765, 1028, 0.57, 0
0001133-page33.jpg, 589, 1169, 663, 1197, 0.86, 0
0001133-page33.jpg, 730, 1169, 803, 1197, 0.84, 0
0001133-page33.jpg, 589, 1307, 663, 1334, 0.31, 0
0001133-page33.jpg, 730, 1307, 803, 1335, 0.89, 0
0001133-page33.jpg, 646, 1430, 719, 1458, 0.9, 0
0001133-page33.jpg, 667, 1585, 741, 1613, 0.36, 0
0203115-page26.jpg, 285, 816, 338, 842, 0.12, 0
0101226-page12.jpg, 932, 876, 984, 902, 0.45, 0
0206188-page18.jpg, 832, 477, 906, 505, 0.45, 0
0207252-page09.jpg, 307, 355, 361, 382, 0.86, 0
0207092-page03.jpg, 455, 413, 548, 439, 0.0, 0
0207092-page03.jpg, 337, 1495, 395, 1522, 0.56, 0
0206135-page30.jpg, 377, 313, 428, 336, 0.81, 0
0206135-page30.jpg, 840, 342, 892, 365, 0.31, 0
0206135-page30.jpg, 624, 420, 725, 443, 0.54, 0
0206135-page30.jpg, 823, 527, 876, 550, 0.67, 0
0206135-page30.jpg, 851, 1734, 921, 1761, 0.15, 0
0001133-page34.jpg, 572, 310, 648, 338, 0.0, 0
0001133-page34.jpg, 716, 311, 792, 338, 0.01, 0
0001133-page34.jpg, 967, 373, 1043, 401, 0.55, 0
0001133-page34.jpg, 360, 419, 436, 446, 0.74, 0
0001133-page34.jpg, 669, 511, 753, 538, 0.94, 0
0001133-page34.jpg, 925, 710, 1009, 738, 0.47, 0
0001133-page34.jpg, 738, 848, 811, 875, 0.77, 0
0001133-page34.jpg, 251, 911, 325, 937, 0.84, 0
0001133-page34.jpg, 365, 910, 453, 938, 0.79, 0
0001133-page34.jpg, 732, 986, 820, 1014, 0.81, 0
0001133-page34.jpg, 675, 1154, 748, 1181, 0.13, 0
0001133-page34.jpg, 789, 1154, 873, 1181, 0.93, 0
0001133-page34.jpg, 636, 1291, 720, 1319, 0.9, 0
0001133-page34.jpg, 764, 1291, 852, 1319, 0.43, 0
0001133-page34.jpg, 269, 1442, 357, 1470, 0.9, 0
0001133-page34.jpg, 399, 1443, 473, 1470, 0.86, 0
0001133-page34.jpg, 513, 1443, 595, 1470, 0.25, 0
0001133-page34.jpg, 746, 1443, 819, 1470, 0.91, 0
0001133-page34.jpg, 859, 1442, 941, 1470, 0.29, 0
0001133-page34.jpg, 572, 1518, 660, 1545, 0.9, 0
0001133-page34.jpg, 860, 1518, 944, 1546, 0.33, 0
0001133-page34.jpg, 622, 1748, 705, 1775, 0.29, 0
0001133-page34.jpg, 742, 1748, 815, 1775, 0.74, 0
0207092-page04.jpg, 1044, 415, 1226, 443, 0.67, 0
0207092-page04.jpg, 1233, 717, 1317, 744, 0.91, 0
0203147-page06.jpg, 1033, 776, 1106, 803, 0.9, 0
0203147-page06.jpg, 480, 846, 553, 873, 0.9, 0
0203147-page06.jpg, 252, 917, 334, 944, 0.12, 0
0203147-page06.jpg, 379, 916, 465, 944, 0.87, 0
0203147-page06.jpg, 775, 916, 848, 943, 0.88, 0
0203147-page06.jpg, 841, 952, 942, 979, 0.88, 0
0203147-page06.jpg, 984, 952, 1065, 979, 0.59, 0
0203147-page06.jpg, 1108, 952, 1193, 979, 0.61, 0
0203147-page06.jpg, 300, 1106, 353, 1133, 0.86, 0
0203147-page06.jpg, 531, 1141, 584, 1168, 0.89, 0
0203147-page06.jpg, 855, 1141, 918, 1168, 0.79, 0
0203147-page06.jpg, 301, 1176, 383, 1204, 0.34, 0
0203147-page06.jpg, 425, 1176, 507, 1203, 0.91, 0
0203147-page06.jpg, 984, 1246, 1037, 1274, 0.86, 0
0203147-page06.jpg, 252, 1281, 325, 1309, 0.9, 0
0203147-page06.jpg, 364, 1281, 418, 1308, 0.81, 0
0203147-page06.jpg, 753, 1281, 806, 1309, 0.77, 0
0203147-page06.jpg, 632, 1316, 705, 1344, 0.89, 0
0203147-page06.jpg, 611, 1351, 664, 1378, 0.92, 0
0203147-page06.jpg, 517, 1387, 591, 1414, 0.5, 0
0203147-page06.jpg, 378, 1421, 463, 1449, 0.74, 0
0203147-page06.jpg, 908, 1422, 981, 1449, 0.4, 0
0203147-page06.jpg, 534, 1456, 588, 1484, 0.57, 0
0203147-page06.jpg, 543, 1553, 596, 1580, 0.87, 0
0203147-page06.jpg, 412, 1703, 475, 1725, 0.44, 0
0203195-page16.jpg, 1123, 498, 1192, 525, 0.9, 0
0203195-page16.jpg, 931, 1055, 1000, 1082, 0.92, 0
0205166-page09.jpg, 653, 563, 748, 590, 0.0, 0
0205166-page09.jpg, 833, 563, 950, 591, 0.0, 0
0205166-page09.jpg, 808, 762, 878, 790, 0.0, 0
0205166-page09.jpg, 917, 890, 1007, 918, 0.0, 0
0205166-page09.jpg, 619, 948, 670, 975, 0.0, 0
0205166-page09.jpg, 679, 947, 793, 975, 0.6, 0
0205166-page09.jpg, 896, 947, 963, 975, 0.6, 0
0204151-page11.jpg, 161, 626, 303, 654, 0.68, 0
0204151-page11.jpg, 698, 713, 791, 741, 0.93, 0
0204151-page11.jpg, 692, 748, 863, 776, 0.38, 0
0211037-page10.jpg, 587, 530, 686, 560, 0.26, 0
0211037-page10.jpg, 810, 884, 908, 912, 0.72, 0
0211037-page10.jpg, 904, 919, 958, 947, 0.77, 0
0211037-page10.jpg, 674, 954, 728, 982, 0.86, 0
0211037-page10.jpg, 694, 1060, 749, 1087, 0.56, 0
0211037-page10.jpg, 320, 1301, 374, 1338, 0.62, 0
0209143-page03.jpg, 543, 599, 604, 622, 0.0, 0
0209143-page03.jpg, 665, 600, 728, 622, 0.0, 0
0209143-page03.jpg, 542, 658, 604, 686, 0.0, 0
0209143-page03.jpg, 513, 913, 576, 934, 0.79, 0
0209143-page03.jpg, 609, 912, 655, 935, 0.74, 0
0209143-page03.jpg, 1014, 913, 1061, 934, 0.41, 0
0209143-page03.jpg, 398, 942, 461, 964, 0.27, 0
0209143-page03.jpg, 529, 1129, 567, 1151, 0.81, 0
0209143-page03.jpg, 230, 1427, 306, 1448, 0.84, 0
0201098-page13.jpg, 435, 135, 513, 163, 0.82, 0
0201098-page13.jpg, 389, 629, 458, 656, 0.9, 0
0201098-page13.jpg, 509, 629, 578, 656, 0.9, 0
0201098-page13.jpg, 620, 629, 689, 656, 0.91, 0
0201098-page13.jpg, 731, 629, 800, 657, 0.89, 0
0201098-page13.jpg, 841, 629, 910, 656, 0.89, 0
0201098-page13.jpg, 952, 629, 1031, 656, 0.01, 0
0201098-page13.jpg, 960, 1537, 1029, 1565, 0.71, 0
0112163-page14.jpg, 246, 344, 298, 369, 0.89, 0
0112163-page14.jpg, 666, 502, 708, 527, 0.45, 0
0112163-page14.jpg, 980, 502, 1142, 527, 0.11, 0
0112163-page14.jpg, 511, 1600, 585, 1632, 0.0, 0
0005219-page19.jpg, 477, 1414, 529, 1442, 0.44, 0
0005219-page19.jpg, 931, 1414, 991, 1441, 0.64, 0
0005219-page19.jpg, 732, 1454, 815, 1488, 0.0, 0
0006050-page38.jpg, 367, 683, 417, 707, 0.86, 0
0006050-page38.jpg, 185, 1375, 376, 1400, 0.66, 0
0006050-page38.jpg, 1119, 1375, 1170, 1399, 0.85, 0
0301236-page06.jpg, 252, 1189, 370, 1216, 0.53, 0
0301236-page06.jpg, 707, 1224, 778, 1250, 0.85, 0
0009027-page01.jpg, 1057, 838, 1121, 862, 0.9, 0
0009027-page01.jpg, 520, 1130, 605, 1157, 0.72, 0
0009027-page01.jpg, 650, 1130, 738, 1157, 0.24, 0
0106213-page18.jpg, 318, 462, 371, 487, 0.86, 0
0203147-page17.jpg, 722, 750, 841, 777, 0.2, 0
0203147-page17.jpg, 305, 933, 358, 961, 0.77, 0
0203147-page17.jpg, 962, 968, 1044, 996, 0.07, 0
0203147-page17.jpg, 537, 1004, 620, 1031, 0.0, 0
0203147-page17.jpg, 533, 1038, 598, 1066, 0.42, 0
0203147-page17.jpg, 862, 1038, 1022, 1067, 0.05, 0
0206135-page21.jpg, 1015, 663, 1084, 683, 0.24, 0
0206135-page21.jpg, 941, 1381, 1001, 1408, 0.27, 0
0206135-page21.jpg, 593, 1502, 667, 1524, 0.2, 0
0009239-page20.jpg, 1129, 562, 1186, 589, 0.36, 0
0009239-page20.jpg, 1195, 561, 1263, 589, 0.03, 0
0304067-page09.jpg, 1085, 456, 1138, 475, 0.4, 0
0208122-page05.jpg, 886, 432, 964, 459, 0.51, 0
0208122-page05.jpg, 335, 786, 410, 813, 0.67, 0
0208122-page05.jpg, 604, 856, 661, 883, 0.66, 0
0208122-page05.jpg, 857, 1239, 958, 1266, 0.87, 0
0208122-page05.jpg, 578, 1275, 640, 1302, 0.84, 0
0301236-page17.jpg, 1089, 590, 1193, 618, 0.13, 0
0301236-page17.jpg, 672, 1167, 776, 1194, 0.58, 0
0211126-page10.jpg, 732, 260, 830, 287, 0.23, 0
0211126-page10.jpg, 728, 303, 822, 330, 0.21, 0
0211126-page10.jpg, 569, 341, 687, 375, 0.0, 0
0211126-page10.jpg, 738, 341, 861, 375, 0.0, 0
0211126-page10.jpg, 737, 383, 860, 417, 0.42, 0
0211126-page10.jpg, 1067, 341, 1170, 372, 0.24, 0
0211126-page10.jpg, 767, 1393, 857, 1434, 0.18, 0
0211126-page10.jpg, 362, 1471, 435, 1498, 0.65, 0
0211126-page10.jpg, 352, 1602, 435, 1634, 0.0, 0
0211126-page10.jpg, 839, 1653, 931, 1717, 0.0, 0
0205123-page35.jpg, 597, 321, 702, 350, 0.21, 0
0205123-page35.jpg, 399, 418, 504, 446, 0.0, 0
0205123-page35.jpg, 483, 888, 573, 915, 0.43, 0
0005219-page08.jpg, 213, 470, 266, 498, 0.8, 0
0005219-page08.jpg, 456, 1331, 518, 1358, 0.7, 0
0112163-page05.jpg, 979, 830, 1060, 855, 0.34, 0
0203195-page07.jpg, 893, 567, 962, 595, 0.84, 0
0304257-page03.jpg, 177, 1136, 230, 1163, 0.86, 0
0301236-page10.jpg, 521, 531, 577, 560, 0.27, 0
0303153-page07.jpg, 323, 529, 419, 561, 0.03, 0
0205123-page32.jpg, 1107, 360, 1187, 388, 0.42, 0
0205123-page32.jpg, 723, 709, 802, 736, 0.78, 0
0205123-page32.jpg, 754, 1461, 811, 1488, 0.72, 0
0211037-page06.jpg, 301, 804, 357, 832, 0.86, 0
0106277-page04.jpg, 472, 646, 521, 680, 0.0, 0
0106277-page04.jpg, 585, 1560, 630, 1582, 0.52, 0
0203147-page10.jpg, 711, 977, 764, 1005, 0.71, 0
0209112-page05.jpg, 734, 1438, 779, 1460, 0.44, 0
0209076-page01.jpg, 1049, 1231, 1094, 1253, 0.84, 0
0207252-page18.jpg, 692, 1088, 763, 1115, 0.44, 0
0207252-page18.jpg, 869, 1088, 923, 1115, 0.85, 0
0207252-page18.jpg, 1035, 1124, 1169, 1150, 0.37, 0
0207252-page18.jpg, 1033, 1283, 1087, 1311, 0.85, 0
0207252-page18.jpg, 177, 1389, 397, 1416, 0.45, 0
0207252-page18.jpg, 235, 1517, 454, 1545, 0.52, 0
0006216-page06.jpg, 598, 1000, 671, 1026, 0.85, 0
0006216-page06.jpg, 965, 1071, 1066, 1098, 0.03, 0
0006216-page06.jpg, 857, 1354, 931, 1382, 0.91, 0
0206135-page26.jpg, 490, 562, 553, 584, 0.53, 0
0206135-page26.jpg, 766, 786, 912, 809, 0.34, 0
0206135-page26.jpg, 974, 903, 1031, 925, 0.0, 0
0206135-page26.jpg, 541, 990, 672, 1012, 0.23, 0
0206135-page26.jpg, 928, 987, 1003, 1012, 0.54, 0
0206135-page26.jpg, 358, 1369, 417, 1391, 0.36, 0
0206135-page26.jpg, 590, 1397, 649, 1420, 0.59, 0
0206135-page26.jpg, 834, 1738, 885, 1761, 0.89, 0
0206188-page09.jpg, 915, 427, 1108, 455, 0.0, 0
0206188-page09.jpg, 685, 1293, 776, 1320, 0.63, 0
0206188-page09.jpg, 961, 1356, 1027, 1383, 0.92, 0
0206188-page09.jpg, 515, 1437, 580, 1464, 0.41, 0
0206188-page09.jpg, 514, 1517, 574, 1545, 0.38, 0
0206188-page09.jpg, 1138, 1517, 1211, 1545, 0.03, 0
0206188-page09.jpg, 647, 1581, 777, 1609, 0.57, 0
0201005-page07.jpg, 302, 1455, 358, 1483, 0.66, 0
0201005-page07.jpg, 954, 1544, 1001, 1571, 0.61, 0
0201005-page07.jpg, 576, 1716, 632, 1750, 0.63, 0
0202023-page25.jpg, 310, 954, 365, 982, 0.4, 0
0006050-page20.jpg, 342, 929, 423, 970, 0.73, 0
0006050-page20.jpg, 548, 933, 625, 966, 0.0, 0
0006050-page20.jpg, 732, 933, 843, 966, 0.36, 0
0006050-page20.jpg, 250, 1002, 361, 1035, 0.21, 0
0006050-page20.jpg, 726, 998, 838, 1040, 0.0, 0
0211037-page08.jpg, 674, 638, 728, 665, 0.81, 0
0211037-page08.jpg, 1030, 708, 1085, 736, 0.88, 0
0211037-page08.jpg, 375, 743, 430, 771, 0.89, 0
0211037-page08.jpg, 964, 849, 1070, 877, 0.72, 0
0108188-page05.jpg, 425, 682, 487, 702, 0.86, 0
0109075-page14.jpg, 646, 1346, 696, 1371, 0.88, 0
0205166-page11.jpg, 760, 653, 860, 688, 0.0, 0
0205166-page11.jpg, 312, 827, 410, 854, 0.48, 0
0205166-page11.jpg, 518, 917, 604, 944, 0.29, 0
0204151-page09.jpg, 186, 445, 428, 487, 0.81, 0
0204151-page09.jpg, 171, 519, 439, 547, 0.88, 0
0204151-page09.jpg, 906, 519, 991, 547, 0.59, 0
0204151-page09.jpg, 256, 709, 352, 727, 0.0, 0
0204151-page09.jpg, 1005, 729, 1097, 756, 0.78, 0
0204151-page09.jpg, 802, 777, 886, 805, 0.55, 0
0204151-page09.jpg, 1108, 777, 1301, 804, 0.65, 0
0204151-page09.jpg, 458, 848, 604, 875, 0.78, 0
0204151-page09.jpg, 992, 1102, 1070, 1138, 0.24, 0
0204151-page09.jpg, 636, 1227, 690, 1254, 0.73, 0
0209235-page05.jpg, 420, 404, 510, 429, 0.0, 0
0209235-page05.jpg, 238, 473, 287, 498, 0.94, 0
0209235-page05.jpg, 573, 469, 629, 498, 0.12, 0
0209235-page05.jpg, 693, 571, 733, 596, 0.92, 0
0211223-page07.jpg, 856, 521, 915, 543, 0.82, 0
0211223-page07.jpg, 976, 521, 1036, 543, 0.59, 0
0210135-page04.jpg, 571, 1077, 625, 1104, 0.75, 0
0206135-page28.jpg, 1034, 685, 1111, 709, 0.0, 0
0206135-page28.jpg, 605, 958, 722, 981, 0.0, 0
0206135-page28.jpg, 974, 1041, 1032, 1063, 0.42, 0
0206135-page28.jpg, 578, 1286, 644, 1308, 0.55, 0
0206135-page28.jpg, 574, 1375, 639, 1397, 0.29, 0
0204150-page03.jpg, 499, 486, 548, 508, 0.54, 0
0204150-page03.jpg, 266, 1387, 313, 1409, 0.13, 0
0204150-page03.jpg, 1284, 969, 1333, 990, 0.57, 0
0006246-page12.jpg, 282, 1784, 351, 1809, 0.95, 0
0203147-page19.jpg, 760, 322, 834, 349, 0.82, 0
0203147-page19.jpg, 740, 679, 853, 707, 0.36, 0
0203147-page19.jpg, 879, 679, 984, 707, 0.67, 0
0203147-page19.jpg, 482, 715, 602, 743, 0.56, 0
0203147-page19.jpg, 661, 785, 838, 813, 0.66, 0
0203147-page19.jpg, 756, 1278, 871, 1306, 0.79, 0
0203147-page19.jpg, 913, 1278, 1019, 1305, 0.44, 0
0203147-page19.jpg, 964, 1598, 1083, 1625, 0.3, 0
0203147-page19.jpg, 291, 1633, 403, 1660, 0.0, 0
0203147-page19.jpg, 844, 1485, 957, 1513, 0.24, 0
0210135-page03.jpg, 364, 979, 448, 1021, 0.04, 0
0210135-page03.jpg, 457, 1386, 534, 1415, 0.56, 0
0207252-page11.jpg, 482, 940, 583, 969, 0.11, 0
0010268-page03.jpg, 665, 1341, 778, 1362, 0.27, 0
0108188-page02.jpg, 215, 373, 277, 394, 0.45, 0
0108188-page02.jpg, 238, 928, 300, 949, 0.91, 0
0211274-page05.jpg, 925, 962, 1017, 989, 0.18, 0
0109075-page13.jpg, 395, 1496, 467, 1528, 0.2, 0
0201168-page02.jpg, 525, 822, 571, 845, 0.6, 0
0201168-page02.jpg, 1077, 164, 1129, 186, 0.41, 0
0002177-page18.jpg, 1044, 322, 1112, 349, 0.28, 0
0207252-page24.jpg, 937, 409, 1028, 437, 0.82, 0
0204060-page07.jpg, 1003, 179, 1057, 206, 0.91, 0
0204060-page07.jpg, 1201, 280, 1253, 307, 0.79, 0
0204060-page07.jpg, 842, 1444, 895, 1470, 0.82, 0
0204060-page07.jpg, 303, 1646, 355, 1673, 0.86, 0
0204104-page03.jpg, 694, 1684, 751, 1713, 0.9, 0
0008181-page15.jpg, 570, 1349, 649, 1384, 0.62, 0
0008181-page15.jpg, 817, 1356, 895, 1384, 0.0, 0
0008181-page15.jpg, 890, 1692, 991, 1719, 0.67, 0
0202023-page17.jpg, 803, 239, 914, 266, 0.06, 0
0202023-page17.jpg, 870, 1465, 925, 1497, 0.21, 0
0203178-page09.jpg, 356, 1137, 419, 1164, 0.03, 0
0203178-page09.jpg, 830, 1137, 881, 1164, 0.78, 0
0112086-page07.jpg, 500, 767, 566, 792, 0.84, 0
0112086-page07.jpg, 380, 1588, 514, 1612, 0.0, 0
0112086-page07.jpg, 553, 1790, 597, 1807, 0.34, 0
0012001-page05.jpg, 646, 158, 701, 183, 0.17, 0
0012001-page05.jpg, 1036, 617, 1090, 642, 0.23, 0
0205123-page09.jpg, 677, 530, 758, 558, 0.72, 0
0003126-page05.jpg, 712, 1628, 777, 1652, 0.4, 0
0004120-page07.jpg, 884, 1148, 940, 1181, 0.52, 0
0101232-page05.jpg, 849, 337, 938, 369, 0.0, 0
0101232-page05.jpg, 871, 560, 952, 590, 0.24, 0
0101232-page05.jpg, 561, 1718, 622, 1745, 0.16, 0
0207252-page23.jpg, 278, 1082, 379, 1109, 0.83, 0
0110261-page13.jpg, 1120, 562, 1187, 593, 0.18, 0
0110261-page13.jpg, 259, 1232, 313, 1259, 0.41, 0
0110261-page13.jpg, 525, 1296, 578, 1324, 0.54, 0
0110261-page13.jpg, 622, 1296, 754, 1324, 0.33, 0
0008181-page12.jpg, 446, 802, 509, 840, 0.58, 0
0008181-page12.jpg, 596, 1502, 660, 1529, 0.33, 0
0203071-page08.jpg, 789, 1489, 873, 1526, 0.67, 0
0111176-page14.jpg, 463, 236, 548, 260, 0.31, 0
0111176-page14.jpg, 856, 640, 959, 672, 0.4, 0
0111176-page14.jpg, 254, 1411, 324, 1439, 0.28, 0
0111176-page14.jpg, 375, 1411, 442, 1440, 0.35, 0
0206006-page12.jpg, 405, 880, 640, 907, 0.36, 0
0206006-page12.jpg, 817, 880, 874, 907, 0.62, 0
0206006-page12.jpg, 258, 944, 315, 972, 0.3, 0
0206006-page12.jpg, 617, 945, 674, 972, 0.0, 0
0206006-page12.jpg, 889, 1255, 947, 1282, 0.83, 0
0206006-page12.jpg, 1210, 1255, 1266, 1282, 0.7, 0
0206006-page12.jpg, 273, 1289, 340, 1317, 0.45, 0
0212320-page11.jpg, 683, 1415, 753, 1436, 0.87, 0
0108158-page13.jpg, 737, 719, 829, 760, 0.69, 0
0108158-page13.jpg, 951, 799, 1005, 827, 0.51, 0
0108158-page13.jpg, 210, 1095, 264, 1122, 0.75, 0
0108158-page13.jpg, 802, 1095, 891, 1122, 0.0, 0
0108158-page13.jpg, 610, 1764, 656, 1787, 0.8, 0
0108158-page13.jpg, 226, 1800, 282, 1822, 0.75, 0
0203147-page25.jpg, 1038, 994, 1092, 1022, 0.77, 0
0203147-page25.jpg, 1139, 994, 1192, 1022, 0.62, 0
0203147-page25.jpg, 321, 1358, 374, 1386, 0.9, 0
0203147-page25.jpg, 578, 1464, 631, 1492, 0.82, 0
0203071-page06.jpg, 824, 564, 890, 594, 0.0, 0
0203071-page06.jpg, 289, 984, 347, 1013, 0.0, 0
0203071-page06.jpg, 561, 1106, 887, 1143, 0.0, 0
0203071-page06.jpg, 416, 1488, 527, 1522, 0.0, 0
0203071-page06.jpg, 536, 1488, 603, 1525, 0.0, 0
0301176-page16.jpg, 702, 463, 755, 491, 0.5, 0
0206135-page13.jpg, 458, 796, 514, 818, 0.64, 0
0206135-page13.jpg, 815, 795, 942, 818, 0.0, 0
0206135-page13.jpg, 305, 825, 366, 847, 0.89, 0
0206135-page13.jpg, 452, 825, 501, 847, 0.29, 0
0005174-page03.jpg, 259, 1057, 317, 1085, 0.46, 0
0108227-page02.jpg, 675, 435, 744, 469, 0.0, 0
0301176-page11.jpg, 865, 1601, 946, 1629, 0.9, 0
0206135-page14.jpg, 761, 675, 834, 697, 0.16, 0
0206135-page14.jpg, 678, 734, 733, 755, 0.0, 0
0206135-page14.jpg, 772, 732, 865, 756, 0.35, 0
0206135-page14.jpg, 658, 896, 784, 919, 0.47, 0
0206135-page14.jpg, 417, 1116, 473, 1138, 0.38, 0
0206135-page14.jpg, 360, 1145, 509, 1168, 0.04, 0
0206135-page14.jpg, 341, 1175, 396, 1197, 0.3, 0
0206135-page14.jpg, 898, 1175, 947, 1197, 0.57, 0
0206135-page14.jpg, 1064, 1360, 1137, 1382, 0.43, 0
0206135-page14.jpg, 439, 1388, 512, 1409, 0.15, 0
0206135-page14.jpg, 466, 1476, 528, 1498, 0.54, 0
0206135-page14.jpg, 530, 1563, 613, 1584, 0.85, 0
0206135-page14.jpg, 485, 1738, 534, 1761, 0.77, 0
0112086-page09.jpg, 254, 384, 316, 414, 0.33, 0
0112086-page09.jpg, 364, 384, 458, 414, 0.6, 0
0112086-page09.jpg, 495, 386, 548, 414, 0.81, 0
0112086-page09.jpg, 961, 434, 1212, 461, 0.14, 0
0112086-page09.jpg, 399, 858, 452, 891, 0.75, 0
0112086-page09.jpg, 295, 1102, 349, 1126, 0.05, 0
0112086-page09.jpg, 510, 1099, 570, 1126, 0.32, 0
0112086-page09.jpg, 684, 1434, 786, 1464, 0.21, 0
0205123-page31.jpg, 661, 961, 734, 989, 0.58, 0
0205123-page31.jpg, 983, 961, 1056, 989, 0.89, 0
0205123-page31.jpg, 1017, 999, 1090, 1027, 0.87, 0
0205123-page31.jpg, 636, 1038, 710, 1065, 0.88, 0
0205123-page31.jpg, 657, 1077, 748, 1104, 0.12, 0
0205123-page31.jpg, 858, 1078, 947, 1104, 0.69, 0
0205123-page31.jpg, 848, 1232, 921, 1260, 0.9, 0
0205123-page31.jpg, 1096, 1232, 1169, 1260, 0.85, 0
0211037-page05.jpg, 1073, 675, 1160, 702, 0.34, 0
0211037-page05.jpg, 686, 851, 772, 878, 0.49, 0
0211037-page05.jpg, 1018, 886, 1163, 913, 0.34, 0
0211037-page05.jpg, 425, 956, 519, 984, 0.59, 0
0211037-page05.jpg, 497, 1020, 719, 1048, 0.07, 0
0211037-page05.jpg, 842, 1606, 897, 1633, 0.35, 0
0204151-page04.jpg, 1019, 1078, 1073, 1112, 0.21, 0
0204151-page04.jpg, 692, 1165, 752, 1197, 0.0, 0
0204151-page04.jpg, 153, 1346, 204, 1373, 0.86, 0
0204151-page04.jpg, 1044, 1702, 1121, 1734, 0.72, 0
0002177-page12.jpg, 631, 1339, 681, 1366, 0.14, 0
0210135-page09.jpg, 511, 488, 573, 516, 0.3, 0
0210135-page09.jpg, 802, 821, 883, 847, 0.85, 0
0210135-page09.jpg, 177, 1014, 257, 1041, 0.75, 0
0210135-page09.jpg, 866, 1168, 966, 1197, 0.0, 0
0209076-page02.jpg, 490, 1096, 566, 1118, 0.7, 0
0209112-page06.jpg, 695, 518, 761, 540, 0.0, 0
0209112-page06.jpg, 366, 774, 526, 796, 0.0, 0
0209112-page06.jpg, 1091, 1681, 1137, 1702, 0.78, 0
0203147-page13.jpg, 568, 662, 622, 690, 0.3, 0
0302174-page09.jpg, 491, 642, 580, 669, 0.82, 0
0302174-page09.jpg, 283, 868, 357, 895, 0.0, 0
0302174-page09.jpg, 592, 868, 658, 896, 0.61, 0
0206135-page25.jpg, 844, 792, 921, 814, 0.0, 0
0206135-page25.jpg, 505, 1232, 585, 1254, 0.0, 0
0206135-page25.jpg, 594, 1595, 667, 1620, 0.0, 0
0005070-page14.jpg, 243, 854, 358, 882, 0.0, 0
0209076-page05.jpg, 881, 1141, 947, 1165, 0.47, 0
0203147-page14.jpg, 252, 1498, 325, 1526, 0.9, 0
0203147-page14.jpg, 1119, 1674, 1192, 1701, 0.92, 0
0103145-page05.jpg, 1001, 662, 1055, 690, 0.74, 0
0103145-page05.jpg, 631, 1330, 742, 1358, 0.19, 0
0206135-page22.jpg, 668, 1206, 742, 1228, 0.22, 0
0206135-page22.jpg, 545, 1738, 610, 1761, 0.26, 0
0202128-page14.jpg, 382, 392, 454, 419, 0.62, 0
0202128-page14.jpg, 533, 392, 605, 419, 0.8, 0
0202128-page14.jpg, 735, 392, 884, 419, 0.09, 0
0202128-page14.jpg, 933, 392, 1062, 419, 0.11, 0
0202128-page14.jpg, 252, 1600, 381, 1627, 0.16, 0
0207058-page11.jpg, 745, 205, 785, 223, 0.56, 0
0207058-page11.jpg, 636, 338, 689, 365, 0.65, 0
0207058-page11.jpg, 509, 576, 563, 603, 0.24, 0
0207058-page11.jpg, 328, 879, 394, 906, 0.32, 0
0212066-page06.jpg, 645, 1524, 713, 1551, 0.59, 0
0301236-page14.jpg, 1011, 1681, 1079, 1708, 0.81, 0
0211037-page02.jpg, 471, 1710, 581, 1740, 0.18, 0
0209143-page11.jpg, 215, 327, 260, 349, 0.46, 0
0209143-page11.jpg, 1206, 327, 1258, 348, 0.75, 0
0209143-page11.jpg, 267, 472, 344, 495, 0.65, 0
0209143-page11.jpg, 722, 473, 823, 495, 0.56, 0
0209143-page11.jpg, 750, 1013, 845, 1035, 0.7, 0
0209143-page11.jpg, 633, 1042, 716, 1064, 0.15, 0
0209143-page11.jpg, 918, 1100, 995, 1122, 0.0, 0
0209143-page11.jpg, 296, 1332, 339, 1354, 0.0, 0
0209143-page11.jpg, 509, 1362, 585, 1384, 0.09, 0
0209143-page11.jpg, 544, 1390, 639, 1413, 0.03, 0
0209143-page11.jpg, 610, 1448, 722, 1470, 0.0, 0
0204151-page03.jpg, 585, 1144, 814, 1186, 0.91, 0
0204151-page03.jpg, 175, 1385, 225, 1412, 0.89, 0
0211223-page03.jpg, 326, 1058, 405, 1080, 0.86, 0
0204123-page07.jpg, 887, 316, 939, 341, 0.75, 0
0204123-page07.jpg, 759, 785, 812, 810, 0.69, 0
0204123-page07.jpg, 519, 902, 610, 932, 0.0, 0
0204123-page07.jpg, 752, 901, 837, 932, 0.43, 0
0204123-page07.jpg, 924, 1061, 975, 1085, 0.72, 0
0207252-page12.jpg, 362, 960, 433, 988, 0.49, 0
0206188-page03.jpg, 1188, 514, 1270, 542, 0.33, 0
0206188-page03.jpg, 1006, 1189, 1079, 1223, 0.52, 0
0106213-page04.jpg, 866, 169, 959, 194, 0.9, 0
0106213-page04.jpg, 1048, 169, 1147, 194, 0.45, 0
0205123-page38.jpg, 871, 792, 949, 819, 0.7, 0
0211274-page06.jpg, 346, 348, 391, 368, 0.45, 0
0201168-page01.jpg, 985, 407, 1026, 427, 0.91, 0
0201168-page01.jpg, 438, 1179, 484, 1201, 0.88, 0
0201168-page01.jpg, 187, 1505, 233, 1527, 0.55, 0
0201168-page01.jpg, 1134, 1216, 1207, 1242, 0.0, 0
0201168-page01.jpg, 962, 1307, 1143, 1328, 0.0, 0
0010268-page07.jpg, 949, 546, 1010, 572, 0.49, 0
0106213-page03.jpg, 988, 426, 1041, 451, 0.58, 0
0106213-page03.jpg, 571, 1657, 624, 1682, 0.0, 0
0202023-page26.jpg, 246, 617, 324, 645, 0.0, 0
0202023-page26.jpg, 534, 1001, 606, 1027, 0.14, 0
0202023-page26.jpg, 438, 1609, 505, 1639, 0.68, 0
0111286-page10.jpg, 940, 1510, 1084, 1572, 0.0, 0
0205166-page12.jpg, 640, 1027, 724, 1059, 0.19, 0
0210135-page07.jpg, 741, 244, 822, 272, 0.58, 0
0210135-page07.jpg, 259, 966, 312, 993, 0.6, 0
0210135-page07.jpg, 476, 1293, 575, 1353, 0.0, 0
0005144-page04.jpg, 178, 253, 283, 281, 0.0, 0
0005144-page04.jpg, 631, 1048, 694, 1061, 0.0, 0
0302174-page07.jpg, 1189, 322, 1284, 349, 0.89, 0
0302174-page07.jpg, 1097, 933, 1194, 960, 0.35, 0
0302174-page07.jpg, 600, 1318, 668, 1354, 0.84, 0
0302174-page07.jpg, 745, 1318, 813, 1354, 0.82, 0
0302174-page07.jpg, 891, 1322, 960, 1349, 0.86, 0
0302174-page07.jpg, 577, 1436, 639, 1463, 0.62, 0
0302174-page07.jpg, 763, 1436, 892, 1462, 0.42, 0
0302174-page07.jpg, 591, 1471, 661, 1508, 0.89, 0
0302174-page07.jpg, 721, 1475, 791, 1503, 0.53, 0
0302174-page07.jpg, 832, 1475, 906, 1503, 0.18, 0
0208171-page22.jpg, 390, 461, 450, 486, 0.87, 0
0208171-page22.jpg, 704, 935, 796, 959, 0.9, 0
0208171-page22.jpg, 210, 976, 301, 1001, 0.88, 0
0208171-page22.jpg, 1088, 976, 1180, 1001, 0.87, 0
0112086-page03.jpg, 1078, 323, 1167, 394, 0.06, 0
0112086-page03.jpg, 260, 441, 317, 466, 0.87, 0
0112086-page03.jpg, 1081, 441, 1142, 466, 0.83, 0
0112086-page03.jpg, 1079, 791, 1153, 821, 0.15, 0
0112086-page03.jpg, 375, 1432, 440, 1461, 0.16, 0
0112086-page03.jpg, 578, 1690, 647, 1719, 0.35, 0
0106249-page13.jpg, 733, 624, 785, 649, 0.63, 0
0106249-page13.jpg, 757, 722, 808, 747, 0.9, 0
0106249-page13.jpg, 251, 1440, 319, 1465, 0.38, 0
0106249-page13.jpg, 534, 1440, 585, 1465, 0.9, 0
0204104-page07.jpg, 659, 342, 716, 372, 0.79, 0
0204104-page07.jpg, 628, 902, 705, 932, 0.89, 0
0110261-page10.jpg, 750, 734, 795, 760, 0.1, 0
0110261-page10.jpg, 575, 975, 634, 1004, 0.46, 0
0110261-page10.jpg, 430, 1128, 484, 1156, 0.53, 0
0110261-page10.jpg, 494, 1130, 538, 1156, 0.0, 0
0110261-page10.jpg, 258, 1176, 312, 1203, 0.4, 0
0110261-page10.jpg, 1217, 1176, 1275, 1203, 0.75, 0
0008181-page11.jpg, 595, 550, 688, 583, 0.21, 0
0008181-page11.jpg, 594, 870, 648, 897, 0.83, 0
0008181-page11.jpg, 433, 901, 526, 932, 0.18, 0
0008181-page11.jpg, 379, 972, 476, 1004, 0.19, 0
0008181-page11.jpg, 521, 972, 645, 1004, 0.09, 0
0008181-page11.jpg, 826, 1007, 923, 1039, 0.42, 0
0209001-page16.jpg, 553, 456, 868, 490, 0.08, 0
0209001-page16.jpg, 434, 998, 590, 1032, 0.54, 0
0209001-page16.jpg, 793, 998, 947, 1032, 0.12, 0
0007096-page03.jpg, 810, 914, 883, 942, 0.89, 0
0203115-page08.jpg, 695, 832, 757, 872, 0.0, 0
0203115-page08.jpg, 649, 1053, 732, 1078, 0.28, 0
0206135-page19.jpg, 517, 1476, 578, 1498, 0.13, 0
0206135-page19.jpg, 513, 1535, 577, 1557, 0.51, 0
0206135-page19.jpg, 880, 1564, 950, 1586, 0.46, 0
0206135-page19.jpg, 766, 1738, 823, 1761, 0.86, 0
0206135-page19.jpg, 1035, 1738, 1086, 1761, 0.9, 0
0202023-page14.jpg, 620, 656, 686, 693, 0.61, 0
0101089-page09.jpg, 886, 1244, 966, 1268, 0.68, 0
0101089-page09.jpg, 798, 1326, 879, 1350, 0.86, 0
0101089-page09.jpg, 508, 1378, 936, 1403, 0.58, 0
0101089-page09.jpg, 202, 1430, 274, 1455, 0.9, 0
0101089-page09.jpg, 899, 1471, 971, 1496, 0.87, 0
0101089-page09.jpg, 1133, 1558, 1221, 1583, 0.55, 0
0101089-page09.jpg, 123, 1599, 204, 1624, 0.87, 0
0101089-page09.jpg, 779, 1682, 868, 1707, 0.84, 0
0101089-page09.jpg, 659, 1770, 740, 1794, 0.84, 0
0112086-page04.jpg, 630, 623, 703, 652, 0.69, 0
0112086-page04.jpg, 428, 726, 597, 756, 0.0, 0
0112086-page04.jpg, 223, 1052, 280, 1090, 0.4, 0
0112086-page04.jpg, 644, 1727, 712, 1752, 0.89, 0
0101232-page01.jpg, 776, 1048, 855, 1072, 0.8, 0
0101232-page01.jpg, 891, 1048, 982, 1073, 0.74, 0
0008087-page03.jpg, 310, 656, 362, 684, 0.39, 0
0008087-page03.jpg, 723, 656, 777, 684, 0.86, 0
0206135-page17.jpg, 1018, 1250, 1075, 1271, 0.75, 0
0206135-page17.jpg, 473, 1278, 562, 1301, 0.78, 0
0203115-page06.jpg, 900, 698, 1010, 724, 0.76, 0
0001133-page13.jpg, 598, 419, 708, 447, 0.0, 0
0001133-page13.jpg, 506, 648, 616, 676, 0.68, 0
0001133-page13.jpg, 451, 923, 527, 950, 0.4, 0
0203178-page04.jpg, 812, 858, 888, 886, 0.79, 0
0203178-page04.jpg, 252, 1034, 320, 1062, 0.8, 0
0006108-page09.jpg, 814, 1143, 881, 1171, 0.01, 0
0011184-page07.jpg, 252, 612, 354, 641, 0.21, 0
0011184-page07.jpg, 633, 815, 692, 847, 0.0, 0
0011184-page07.jpg, 682, 1377, 718, 1405, 0.61, 0
0203178-page03.jpg, 369, 439, 442, 467, 0.86, 0
0205123-page04.jpg, 541, 360, 591, 388, 0.79, 0
0205123-page04.jpg, 652, 357, 723, 388, 0.34, 0
0205123-page04.jpg, 225, 489, 278, 517, 0.4, 0
0205123-page04.jpg, 325, 486, 377, 517, 0.04, 0
0102026-page13.jpg, 256, 1147, 437, 1178, 0.26, 0
0208171-page19.jpg, 465, 610, 553, 635, 0.92, 0
0206135-page10.jpg, 607, 404, 704, 427, 0.0, 0
0206135-page10.jpg, 880, 1168, 942, 1190, 0.64, 0
0206135-page10.jpg, 778, 1285, 837, 1307, 0.24, 0
0206135-page10.jpg, 1074, 1285, 1112, 1306, 0.0, 0
0206135-page10.jpg, 454, 1680, 514, 1702, 0.32, 0
0206135-page10.jpg, 763, 1680, 827, 1702, 0.77, 0
0206135-page10.jpg, 885, 1707, 1057, 1732, 0.21, 0
0110192-page04.jpg, 1028, 1359, 1090, 1384, 0.43, 0
0006050-page09.jpg, 262, 450, 339, 475, 0.77, 0
0006050-page09.jpg, 961, 1144, 1031, 1169, 0.86, 0
0006050-page09.jpg, 537, 1605, 606, 1630, 0.12, 0
0205123-page15.jpg, 437, 1028, 520, 1058, 0.37, 0
0205123-page15.jpg, 822, 1712, 890, 1753, 0.02, 0
0205123-page15.jpg, 249, 1726, 297, 1739, 0.78, 0
0203115-page10.jpg, 707, 537, 799, 564, 0.0, 0
0102026-page02.jpg, 1147, 308, 1224, 336, 0.89, 0
0102026-page02.jpg, 881, 449, 950, 476, 0.92, 0
0102026-page02.jpg, 303, 1383, 372, 1411, 0.86, 0
0208089-page04.jpg, 622, 428, 677, 456, 0.0, 0
0208089-page04.jpg, 617, 1094, 677, 1122, 0.38, 0
0208089-page04.jpg, 622, 1179, 677, 1206, 0.61, 0
0110159-page09.jpg, 844, 816, 1056, 843, 0.7, 0
0110159-page09.jpg, 723, 1117, 796, 1144, 0.87, 0
0206135-page06.jpg, 426, 720, 480, 742, 0.0, 0
0206135-page06.jpg, 658, 769, 746, 791, 0.24, 0
0206135-page06.jpg, 900, 768, 986, 791, 0.4, 0
0206135-page06.jpg, 1049, 982, 1137, 1005, 0.35, 0
0206135-page06.jpg, 1007, 1234, 1066, 1256, 0.0, 0
0206135-page06.jpg, 449, 1449, 498, 1472, 0.79, 0
0206135-page06.jpg, 889, 1537, 959, 1558, 0.67, 0
0206135-page06.jpg, 675, 1619, 738, 1641, 0.28, 0
0206135-page06.jpg, 941, 1701, 1001, 1724, 0.25, 0
0102026-page05.jpg, 1067, 1133, 1201, 1163, 0.11, 0
0203147-page30.jpg, 534, 1728, 604, 1755, 0.52, 0
0206135-page08.jpg, 981, 371, 1040, 394, 0.27, 0
0206135-page08.jpg, 998, 796, 1071, 819, 0.32, 0
0206135-page08.jpg, 389, 1224, 460, 1246, 0.32, 0
0206135-page08.jpg, 438, 1282, 494, 1304, 0.86, 0
0206135-page08.jpg, 305, 1310, 385, 1337, 0.05, 0
0206135-page08.jpg, 887, 1460, 940, 1482, 0.71, 0
0206135-page08.jpg, 622, 1518, 668, 1540, 0.91, 0
0206135-page08.jpg, 422, 1576, 469, 1598, 0.87, 0
0206135-page08.jpg, 1091, 1605, 1137, 1628, 0.8, 0
0206135-page08.jpg, 716, 1683, 762, 1705, 0.65, 0
0203115-page19.jpg, 994, 283, 1074, 308, 0.21, 0
0203115-page19.jpg, 1170, 283, 1267, 310, 0.8, 0
0008181-page07.jpg, 536, 449, 609, 476, 0.3, 0
0108158-page08.jpg, 602, 1697, 665, 1727, 0.25, 0
0106249-page05.jpg, 1047, 203, 1115, 228, 0.9, 0
0106249-page05.jpg, 937, 237, 1020, 262, 0.52, 0
0106249-page05.jpg, 268, 1013, 341, 1041, 0.72, 0
0106249-page05.jpg, 960, 1079, 1043, 1104, 0.23, 0
0106249-page05.jpg, 1071, 1178, 1147, 1202, 0.8, 0
0106249-page05.jpg, 1004, 1419, 1113, 1445, 0.26, 0
0106249-page05.jpg, 876, 1453, 969, 1478, 0.08, 0
0106249-page05.jpg, 1012, 1518, 1079, 1543, 0.07, 0
0106249-page05.jpg, 1187, 1584, 1279, 1609, 0.86, 0
0106249-page05.jpg, 817, 1664, 885, 1689, 0.82, 0
0106249-page05.jpg, 1099, 1697, 1144, 1722, 0.23, 0
0210138-page04.jpg, 874, 364, 921, 385, 0.14, 0
0210138-page04.jpg, 1024, 503, 1054, 525, 0.33, 0
0210138-page04.jpg, 570, 530, 616, 553, 0.0, 0
0210138-page04.jpg, 452, 1282, 519, 1308, 0.0, 0
0210138-page04.jpg, 658, 1606, 906, 1628, 0.6, 0
0210138-page04.jpg, 939, 1606, 1286, 1628, 0.2, 0
0106213-page20.jpg, 484, 389, 565, 414, 0.19, 0
0106213-page20.jpg, 473, 434, 530, 459, 0.68, 0
0106213-page20.jpg, 559, 570, 613, 595, 0.24, 0
0106213-page20.jpg, 369, 740, 460, 758, 0.0, 0
0106213-page20.jpg, 575, 851, 714, 876, 0.16, 0
0202023-page05.jpg, 721, 1471, 774, 1499, 0.1, 0
0202023-page05.jpg, 862, 1553, 988, 1585, 0.0, 0
0201149-page05.jpg, 312, 600, 394, 628, 0.21, 0
0201149-page05.jpg, 723, 1530, 796, 1579, 0.0, 0
0004120-page15.jpg, 1152, 183, 1214, 211, 0.91, 0
0004120-page15.jpg, 220, 225, 291, 253, 0.54, 0
0004120-page15.jpg, 333, 225, 402, 253, 0.6, 0
0004120-page15.jpg, 1141, 226, 1211, 253, 0.52, 0
0004120-page15.jpg, 177, 268, 246, 296, 0.73, 0
0210138-page03.jpg, 720, 256, 794, 278, 0.34, 0
0210138-page03.jpg, 828, 256, 904, 278, 0.0, 0
0210138-page03.jpg, 133, 448, 199, 470, 0.59, 0
0210138-page03.jpg, 1309, 1005, 1365, 1027, 0.55, 0
0210138-page03.jpg, 1113, 1033, 1168, 1055, 0.79, 0
0210138-page03.jpg, 1241, 1415, 1299, 1437, 0.77, 0
0102066-page03.jpg, 754, 1168, 848, 1206, 0.0, 0
0102066-page03.jpg, 514, 1306, 608, 1344, 0.0, 0
0010166-page08.jpg, 887, 357, 940, 384, 0.9, 0
0010166-page08.jpg, 307, 904, 354, 931, 0.79, 0
0010166-page08.jpg, 966, 1622, 1019, 1650, 0.85, 0
0206212-page01.jpg, 1190, 416, 1232, 437, 0.27, 0
0206188-page20.jpg, 537, 334, 602, 362, 0.44, 0
0206188-page20.jpg, 517, 372, 581, 399, 0.92, 0
0206188-page20.jpg, 311, 408, 402, 436, 0.66, 0
0206188-page20.jpg, 572, 406, 674, 436, 0.42, 0
0206188-page20.jpg, 176, 446, 236, 473, 0.91, 0
0206188-page20.jpg, 269, 481, 351, 511, 0.31, 0
0206188-page20.jpg, 416, 520, 476, 548, 0.29, 0
0206188-page20.jpg, 1241, 520, 1306, 548, 0.69, 0
0206188-page20.jpg, 214, 555, 288, 585, 0.59, 0
0206188-page20.jpg, 615, 595, 675, 623, 0.07, 0
0206188-page20.jpg, 490, 694, 540, 714, 0.47, 0
0206188-page20.jpg, 710, 1096, 745, 1124, 0.51, 0
0206188-page20.jpg, 590, 1501, 655, 1529, 0.63, 0
0206188-page20.jpg, 1087, 1501, 1155, 1529, 0.82, 0
0206188-page20.jpg, 475, 1563, 530, 1583, 0.34, 0
0110159-page07.jpg, 310, 1512, 359, 1540, 0.84, 0
0110159-page07.jpg, 231, 1548, 304, 1575, 0.92, 0
0110159-page07.jpg, 310, 1583, 384, 1610, 0.89, 0
0206135-page46.jpg, 807, 718, 949, 741, 0.68, 0
0206135-page46.jpg, 597, 894, 667, 917, 0.73, 0
0206135-page46.jpg, 728, 894, 797, 916, 0.51, 0
0206135-page46.jpg, 533, 1010, 614, 1033, 0.66, 0
0206135-page46.jpg, 435, 1475, 481, 1497, 0.87, 0
0206135-page46.jpg, 523, 1475, 585, 1497, 0.64, 0
0206135-page46.jpg, 951, 1475, 998, 1497, 0.82, 0
0206135-page46.jpg, 832, 1562, 884, 1584, 0.85, 0
0206135-page46.jpg, 628, 1639, 691, 1661, 0.9, 0
0206135-page46.jpg, 724, 1639, 770, 1661, 0.43, 0
0209143-page09.jpg, 806, 245, 850, 267, 0.16, 0
0209143-page09.jpg, 565, 606, 628, 627, 0.86, 0
0209143-page09.jpg, 1083, 699, 1145, 721, 0.89, 0
0209143-page09.jpg, 843, 856, 886, 877, 0.02, 0
0209143-page09.jpg, 1212, 1076, 1258, 1098, 0.79, 0
0006050-page32.jpg, 432, 721, 479, 744, 0.19, 0
0006050-page32.jpg, 525, 1367, 617, 1392, 0.42, 0
0006050-page32.jpg, 599, 1651, 667, 1675, 0.83, 0
0006050-page32.jpg, 1077, 1651, 1127, 1675, 0.89, 0
0106213-page12.jpg, 1209, 944, 1302, 969, 0.83, 0
0206188-page15.jpg, 361, 1415, 457, 1467, 0.41, 0
0206188-page15.jpg, 980, 1518, 1045, 1546, 0.34, 0
0206188-page15.jpg, 791, 1556, 859, 1583, 0.46, 0
0206188-page15.jpg, 1207, 1593, 1272, 1620, 0.8, 0
0209131-page03.jpg, 957, 479, 1030, 496, 0.58, 0
0211002-page07.jpg, 304, 1883, 395, 1907, 0.4, 0
0206188-page12.jpg, 958, 1696, 1043, 1721, 0.58, 0
0109003-page23.jpg, 624, 533, 711, 563, 0.68, 0
0109003-page23.jpg, 241, 1112, 333, 1140, 0.86, 0
0302174-page11.jpg, 847, 834, 917, 862, 0.92, 0
0302174-page11.jpg, 697, 975, 766, 1003, 0.88, 0
0302174-page11.jpg, 491, 1151, 560, 1178, 0.9, 0
0205166-page04.jpg, 633, 874, 690, 894, 0.34, 0
0205166-page04.jpg, 812, 873, 908, 900, 0.0, 0
0205166-page04.jpg, 663, 1190, 754, 1220, 0.22, 0
0206135-page41.jpg, 791, 816, 833, 836, 0.89, 0
0205123-page29.jpg, 415, 1233, 469, 1261, 0.14, 0
0202004-page02.jpg, 668, 1652, 739, 1679, 0.34, 0
0202004-page02.jpg, 748, 1652, 806, 1679, 0.36, 0
0005070-page02.jpg, 243, 895, 330, 923, 0.47, 0
0005070-page02.jpg, 373, 1189, 456, 1217, 0.46, 0
0204141-page07.jpg, 552, 562, 646, 596, 0.79, 0
0204141-page07.jpg, 483, 697, 546, 724, 0.87, 0
0204141-page07.jpg, 436, 1203, 530, 1231, 0.63, 0
0001133-page37.jpg, 572, 297, 648, 324, 0.84, 0
0001133-page37.jpg, 716, 297, 792, 324, 0.28, 0
0001133-page37.jpg, 264, 375, 340, 403, 0.4, 0
0001133-page37.jpg, 418, 376, 494, 403, 0.65, 0
0001133-page37.jpg, 541, 375, 624, 403, 0.94, 0
0203115-page22.jpg, 991, 1695, 1066, 1719, 0.35, 0
0206135-page33.jpg, 639, 1629, 702, 1650, 0.44, 0
0206135-page33.jpg, 744, 1628, 848, 1650, 0.0, 0
0209112-page10.jpg, 709, 1247, 761, 1270, 0.44, 0
0207092-page07.jpg, 1239, 457, 1318, 484, 0.92, 0
0203195-page15.jpg, 971, 498, 1047, 525, 0.19, 0
0203195-page15.jpg, 608, 863, 759, 921, 0.0, 0
0211037-page13.jpg, 252, 357, 310, 384, 0.9, 0
0211037-page13.jpg, 252, 1390, 345, 1418, 0.7, 0
0009027-page02.jpg, 1098, 1085, 1159, 1112, 0.93, 0
0203195-page12.jpg, 1043, 1047, 1192, 1074, 0.88, 0
0203195-page12.jpg, 615, 1187, 656, 1239, 0.0, 0
0006145-page05.jpg, 848, 1630, 961, 1661, 0.0, 0
0006145-page05.jpg, 798, 1792, 912, 1823, 0.0, 0
0205123-page20.jpg, 485, 322, 556, 349, 0.86, 0
0205123-page20.jpg, 612, 322, 727, 349, 0.0, 0
0205123-page20.jpg, 528, 361, 599, 387, 0.8, 0
0205123-page20.jpg, 1199, 360, 1255, 388, 0.25, 0
0205123-page20.jpg, 985, 483, 1056, 511, 0.9, 0
0205123-page20.jpg, 1099, 483, 1212, 511, 0.12, 0
0205123-page20.jpg, 624, 682, 691, 715, 0.32, 0
0005070-page05.jpg, 308, 1519, 351, 1560, 0.25, 0
0203115-page25.jpg, 1081, 1137, 1134, 1163, 0.77, 0
0206135-page34.jpg, 686, 1250, 811, 1276, 0.27, 0
0203147-page02.jpg, 754, 1256, 977, 1285, 0.15, 0
0203147-page02.jpg, 734, 1327, 926, 1355, 0.72, 0
0006050-page19.jpg, 1111, 219, 1154, 244, 0.33, 0
0006050-page19.jpg, 442, 1697, 533, 1722, 0.51, 0
0203178-page02.jpg, 778, 1202, 855, 1230, 0.85, 0
0205123-page05.jpg, 888, 996, 981, 1023, 0.78, 0
0205123-page05.jpg, 810, 1074, 883, 1101, 0.88, 0
0205123-page05.jpg, 955, 1112, 1037, 1139, 0.77, 0
0205123-page05.jpg, 443, 1150, 528, 1177, 0.83, 0
0205123-page05.jpg, 897, 1150, 982, 1178, 0.64, 0
0205123-page05.jpg, 308, 1267, 400, 1294, 0.93, 0
0201046-page08.jpg, 535, 1117, 570, 1139, 0.63, 0
0102026-page12.jpg, 274, 721, 351, 750, 0.22, 0
0206135-page11.jpg, 696, 371, 779, 394, 0.18, 0
0108158-page16.jpg, 289, 1005, 343, 1032, 0.9, 0
0108158-page16.jpg, 909, 1415, 974, 1442, 0.74, 0
0203147-page20.jpg, 735, 687, 822, 715, 0.06, 0
0106176-page02.jpg, 888, 1264, 957, 1292, 0.9, 0
0203178-page05.jpg, 491, 532, 567, 560, 0.73, 0
0203178-page05.jpg, 892, 602, 968, 630, 0.84, 0
0203178-page05.jpg, 288, 942, 364, 969, 0.86, 0
0205123-page02.jpg, 781, 428, 854, 455, 0.92, 0
0002177-page21.jpg, 1099, 1491, 1185, 1520, 0.36, 0
0204104-page01.jpg, 724, 1636, 802, 1665, 0.89, 0
0007096-page02.jpg, 738, 392, 811, 419, 0.9, 0
0007096-page02.jpg, 321, 1623, 400, 1651, 0.33, 0
0206135-page18.jpg, 538, 372, 596, 394, 0.41, 0
0206135-page18.jpg, 688, 1248, 769, 1270, 0.0, 0
0203115-page09.jpg, 714, 1271, 817, 1304, 0.0, 0
0006050-page10.jpg, 864, 265, 933, 290, 0.7, 0
0006050-page10.jpg, 969, 727, 1038, 752, 0.0, 0
0006050-page10.jpg, 1195, 727, 1247, 752, 0.39, 0
0112086-page05.jpg, 581, 679, 649, 704, 0.76, 0
0112086-page05.jpg, 356, 1161, 477, 1192, 0.62, 0
0112086-page05.jpg, 317, 1255, 381, 1285, 0.27, 0
0112086-page05.jpg, 1016, 1250, 1134, 1297, 0.0, 0
0112086-page05.jpg, 511, 1298, 600, 1320, 0.33, 0
0112086-page05.jpg, 607, 1418, 678, 1448, 0.0, 0
0011184-page08.jpg, 506, 438, 559, 465, 0.67, 0
0011184-page08.jpg, 496, 1434, 549, 1462, 0.9, 0
0011184-page08.jpg, 549, 1493, 676, 1520, 0.55, 0
0202023-page12.jpg, 762, 1148, 837, 1175, 0.0, 0
0004120-page05.jpg, 734, 897, 798, 924, 0.79, 0
0004120-page05.jpg, 523, 1734, 578, 1757, 0.42, 0
0204060-page02.jpg, 440, 1580, 491, 1606, 0.24, 0
0203147-page29.jpg, 390, 427, 452, 454, 0.84, 0
0007096-page05.jpg, 252, 1692, 325, 1719, 0.9, 0
0106213-page02.jpg, 1167, 1048, 1304, 1073, 0.77, 0
0010268-page06.jpg, 494, 556, 540, 578, 0.85, 0
0010268-page06.jpg, 627, 555, 691, 578, 0.88, 0
0210135-page06.jpg, 948, 1362, 1012, 1390, 0.27, 0
0210135-page06.jpg, 517, 1402, 598, 1429, 0.64, 0
0209112-page09.jpg, 591, 653, 656, 676, 0.0, 0
0206188-page05.jpg, 543, 1246, 622, 1274, 0.0, 0
0209001-page25.jpg, 800, 515, 867, 549, 0.0, 0
0209001-page25.jpg, 280, 562, 587, 601, 0.0, 0
0204123-page06.jpg, 377, 916, 429, 940, 0.88, 0
0005144-page02.jpg, 735, 183, 797, 211, 0.88, 0
0005144-page02.jpg, 942, 218, 1012, 246, 0.76, 0
0005144-page02.jpg, 816, 1435, 884, 1461, 0.27, 0
0005144-page02.jpg, 523, 1470, 580, 1497, 0.13, 0
0207049-page01.jpg, 270, 730, 343, 752, 0.92, 0
0207049-page01.jpg, 737, 1019, 812, 1053, 0.0, 0
0207049-page01.jpg, 443, 1168, 490, 1190, 0.82, 0
0207049-page01.jpg, 544, 1561, 595, 1583, 0.88, 0
0207049-page01.jpg, 364, 1629, 412, 1651, 0.65, 0
0207049-page01.jpg, 533, 1725, 580, 1747, 0.09, 0
0106213-page05.jpg, 170, 198, 239, 231, 0.63, 0
0106213-page05.jpg, 262, 451, 371, 481, 0.53, 0
0106213-page05.jpg, 814, 444, 855, 492, 0.0, 0
0010268-page01.jpg, 843, 1089, 912, 1110, 0.35, 0
0205123-page39.jpg, 936, 767, 1033, 795, 0.2, 0
0202023-page20.jpg, 727, 1406, 853, 1441, 0.51, 0
0202023-page20.jpg, 976, 1406, 1034, 1443, 0.0, 0
0112163-page09.jpg, 659, 504, 710, 528, 0.29, 0
0109075-page11.jpg, 950, 486, 1012, 512, 0.14, 0
0109075-page11.jpg, 587, 1627, 660, 1660, 0.3, 0
0209076-page04.jpg, 884, 1183, 950, 1205, 0.37, 0
0209076-page04.jpg, 450, 1212, 520, 1235, 0.26, 0
0209076-page04.jpg, 791, 1273, 870, 1295, 0.31, 0
0203147-page15.jpg, 471, 322, 524, 349, 0.71, 0
0203147-page15.jpg, 353, 405, 425, 433, 0.11, 0
0203147-page15.jpg, 615, 546, 689, 573, 0.17, 0
0203147-page15.jpg, 683, 651, 756, 679, 0.79, 0
0203147-page15.jpg, 1138, 901, 1192, 928, 0.85, 0
0203147-page15.jpg, 456, 936, 547, 963, 0.0, 0
0103145-page04.jpg, 270, 1137, 339, 1164, 0.91, 0
0206135-page23.jpg, 807, 671, 879, 692, 0.0, 0
0206135-page23.jpg, 1051, 1476, 1113, 1498, 0.54, 0
0206135-page23.jpg, 383, 1535, 443, 1556, 0.34, 0
0201005-page02.jpg, 818, 588, 871, 616, 0.81, 0
0211126-page12.jpg, 349, 639, 427, 670, 0.66, 0
0211126-page12.jpg, 1169, 836, 1269, 864, 0.73, 0
0211126-page12.jpg, 919, 872, 1004, 899, 0.92, 0
0211126-page12.jpg, 714, 1223, 768, 1251, 0.91, 0
0205123-page37.jpg, 462, 859, 533, 886, 0.9, 0
0205123-page37.jpg, 747, 1102, 819, 1129, 0.87, 0
0301236-page15.jpg, 420, 314, 567, 355, 0.85, 0
0301236-page15.jpg, 311, 388, 414, 415, 0.37, 0
0301236-page15.jpg, 874, 489, 942, 525, 0.18, 0
0301236-page15.jpg, 821, 528, 926, 556, 0.26, 0
0301236-page15.jpg, 384, 563, 451, 590, 0.71, 0
0301236-page15.jpg, 282, 634, 386, 662, 0.75, 0
0209143-page10.jpg, 237, 791, 290, 813, 0.0, 0
0209143-page10.jpg, 1138, 927, 1213, 949, 0.0, 0
0211037-page03.jpg, 643, 1723, 697, 1759, 0.7, 0
0002177-page14.jpg, 703, 479, 768, 513, 0.0, 0
0002177-page14.jpg, 642, 1716, 678, 1743, 0.33, 0
0204151-page02.jpg, 744, 344, 829, 372, 0.72, 0
0204151-page02.jpg, 182, 1559, 255, 1587, 0.87, 0
0203195-page05.jpg, 252, 1304, 320, 1332, 0.68, 0
0203195-page05.jpg, 578, 1571, 647, 1599, 0.76, 0
0010268-page08.jpg, 305, 392, 349, 412, 0.38, 0
0010268-page08.jpg, 857, 1260, 901, 1281, 0.79, 0
0303153-page05.jpg, 508, 141, 587, 168, 0.47, 0
0303153-page05.jpg, 635, 487, 735, 515, 0.78, 0
0303153-page05.jpg, 803, 487, 877, 515, 0.79, 0
0303153-page05.jpg, 459, 1772, 552, 1802, 0.06, 0
0303153-page05.jpg, 767, 1772, 859, 1802, 0.0, 0
0211037-page04.jpg, 437, 1256, 492, 1284, 0.89, 0
0211037-page04.jpg, 578, 1291, 641, 1318, 0.91, 0
0211037-page04.jpg, 1038, 1291, 1093, 1318, 0.92, 0
0211037-page04.jpg, 743, 1326, 798, 1353, 0.82, 0
0108188-page09.jpg, 338, 1008, 443, 1032, 0.0, 0
0108188-page09.jpg, 747, 1516, 800, 1537, 0.19, 0
0108188-page09.jpg, 928, 1676, 974, 1697, 0.37, 0
0108188-page09.jpg, 754, 1760, 801, 1780, 0.3, 0
0106277-page06.jpg, 1019, 437, 1078, 459, 0.9, 0
0106277-page06.jpg, 1111, 597, 1170, 619, 0.9, 0
0204151-page05.jpg, 705, 1525, 759, 1553, 0.68, 0
0203195-page02.jpg, 1123, 561, 1192, 588, 0.84, 0
0203195-page02.jpg, 291, 856, 360, 884, 0.89, 0
0203195-page02.jpg, 1041, 891, 1110, 918, 0.89, 0
0203195-page02.jpg, 753, 962, 830, 990, 0.77, 0
0203195-page02.jpg, 324, 1274, 439, 1316, 0.89, 0
0203195-page02.jpg, 606, 1348, 675, 1375, 0.83, 0
0209076-page03.jpg, 922, 597, 976, 625, 0.0, 0
0209076-page03.jpg, 627, 744, 690, 772, 0.0, 0
0210135-page08.jpg, 400, 318, 507, 349, 0.06, 0
0210135-page08.jpg, 392, 1157, 499, 1177, 0.2, 0
0203147-page12.jpg, 1136, 958, 1192, 986, 0.81, 0
0302174-page08.jpg, 392, 1180, 455, 1206, 0.31, 0
0302174-page08.jpg, 638, 1179, 701, 1207, 0.74, 0
0302174-page08.jpg, 605, 1214, 672, 1241, 0.89, 0
0302174-page08.jpg, 737, 1214, 805, 1242, 0.89, 0
0302174-page08.jpg, 877, 1215, 945, 1242, 0.71, 0
0302174-page08.jpg, 967, 1320, 1035, 1346, 0.89, 0
0302174-page08.jpg, 532, 1355, 629, 1383, 0.84, 0
0302174-page08.jpg, 1092, 1355, 1155, 1383, 0.85, 0
0302174-page08.jpg, 679, 1425, 746, 1453, 0.7, 0
0302174-page08.jpg, 446, 1587, 509, 1615, 0.58, 0
0009120-page04.jpg, 861, 371, 916, 400, 0.11, 0
0009120-page04.jpg, 712, 597, 778, 625, 0.02, 0
0009120-page04.jpg, 816, 1433, 880, 1462, 0.8, 0
0202128-page12.jpg, 957, 357, 1042, 384, 0.08, 0
0202128-page12.jpg, 252, 427, 325, 454, 0.74, 0
0202128-page12.jpg, 375, 1287, 449, 1315, 0.71, 0
0206135-page24.jpg, 729, 465, 836, 494, 0.0, 0
0206135-page24.jpg, 560, 1631, 737, 1657, 0.0, 0
0206135-page24.jpg, 774, 1631, 905, 1657, 0.33, 0
0201005-page05.jpg, 630, 844, 682, 872, 0.04, 0
0204141-page10.jpg, 213, 473, 296, 499, 0.67, 0
0204141-page10.jpg, 447, 1109, 509, 1136, 0.58, 0
0204141-page10.jpg, 519, 1571, 613, 1599, 0.19, 0
0002177-page02.jpg, 339, 1706, 406, 1734, 0.0, 0
0203195-page13.jpg, 891, 357, 960, 384, 0.91, 0
0112163-page11.jpg, 782, 135, 831, 159, 0.94, 0
0112163-page11.jpg, 403, 260, 461, 285, 0.34, 0
0112163-page11.jpg, 912, 660, 976, 686, 0.11, 0
0112163-page11.jpg, 185, 808, 253, 833, 0.21, 0
0112163-page11.jpg, 1166, 1547, 1243, 1572, 0.0, 0
0112163-page11.jpg, 241, 1613, 314, 1638, 0.31, 0
0109075-page09.jpg, 1028, 743, 1067, 768, 0.0, 0
0109075-page09.jpg, 320, 913, 378, 939, 0.0, 0
0109075-page09.jpg, 641, 1243, 736, 1271, 0.2, 0
0209143-page06.jpg, 322, 243, 405, 267, 0.38, 0
0209143-page06.jpg, 443, 244, 506, 267, 0.75, 0
0209143-page06.jpg, 778, 274, 816, 296, 0.44, 0
0209143-page06.jpg, 807, 336, 855, 358, 0.0, 0
0209143-page06.jpg, 229, 580, 275, 601, 0.01, 0
0209143-page06.jpg, 216, 856, 262, 878, 0.68, 0
0209143-page06.jpg, 823, 1033, 905, 1058, 0.11, 0
0209143-page06.jpg, 709, 1140, 787, 1165, 0.0, 0
0209143-page06.jpg, 1108, 1201, 1158, 1224, 0.23, 0
0209143-page06.jpg, 254, 1538, 299, 1560, 0.09, 0
0209143-page06.jpg, 663, 1538, 709, 1560, 0.47, 0
0205123-page21.jpg, 758, 530, 812, 557, 0.8, 0
0205123-page21.jpg, 750, 608, 822, 634, 0.93, 0
0101226-page10.jpg, 1071, 392, 1132, 419, 0.89, 0
0206135-page35.jpg, 376, 440, 428, 475, 0.83, 0
0206135-page35.jpg, 810, 787, 853, 814, 0.24, 0
0206135-page35.jpg, 802, 1723, 855, 1745, 0.75, 0
0302174-page19.jpg, 955, 1141, 1022, 1169, 0.78, 0
0302174-page19.jpg, 252, 1176, 355, 1204, 0.9, 0
0302174-page19.jpg, 484, 1326, 614, 1359, 0.26, 0
0207092-page01.jpg, 818, 400, 1192, 450, 0.92, 0
0207092-page01.jpg, 301, 989, 461, 1017, 0.85, 0
0207092-page01.jpg, 422, 1312, 499, 1339, 0.95, 0
0203147-page03.jpg, 667, 869, 840, 896, 0.88, 0
0204141-page06.jpg, 451, 1343, 512, 1370, 0.68, 0
0101226-page17.jpg, 987, 1132, 1105, 1160, 0.56, 0
0206135-page32.jpg, 649, 1608, 722, 1631, 0.12, 0
0202128-page04.jpg, 986, 321, 1078, 350, 0.47, 0
0207092-page06.jpg, 627, 1234, 710, 1262, 0.9, 0
0207092-page06.jpg, 784, 1234, 922, 1262, 0.89, 0
0203147-page04.jpg, 631, 1545, 710, 1573, 0.48, 0
0203147-page04.jpg, 857, 1692, 1031, 1720, 0.83, 0
0304257-page10.jpg, 1201, 650, 1281, 680, 0.0, 0
0203195-page14.jpg, 443, 1255, 513, 1282, 0.92, 0
0203195-page14.jpg, 1123, 1430, 1192, 1458, 0.92, 0
0203195-page14.jpg, 696, 1466, 765, 1493, 0.91, 0
0211037-page12.jpg, 478, 1655, 618, 1684, 0.78, 0
0211037-page12.jpg, 252, 1690, 369, 1718, 0.62, 0
0211037-page12.jpg, 452, 1725, 564, 1754, 0.77, 0
0009027-page03.jpg, 695, 830, 824, 858, 0.59, 0
0009027-page03.jpg, 793, 1346, 867, 1373, 0.89, 0
0301236-page04.jpg, 489, 322, 592, 349, 0.09, 0
0204141-page08.jpg, 372, 1318, 464, 1345, 0.32, 0
0206188-page13.jpg, 576, 605, 657, 666, 0.31, 0
0109003-page22.jpg, 572, 1520, 699, 1551, 0.56, 0
0109003-page22.jpg, 995, 1623, 1069, 1653, 0.2, 0
0210135-page10.jpg, 502, 1162, 676, 1189, 0.17, 0
0205166-page05.jpg, 341, 293, 392, 320, 0.0, 0
0205166-page05.jpg, 1131, 292, 1175, 318, 0.44, 0
0205166-page05.jpg, 606, 1542, 658, 1569, 0.19, 0
0205166-page05.jpg, 820, 1542, 935, 1569, 0.0, 0
0005219-page15.jpg, 411, 66, 480, 93, 0.89, 0
0005219-page15.jpg, 645, 137, 722, 164, 0.88, 0
0205123-page28.jpg, 1161, 650, 1212, 677, 0.32, 0
0108144-page03.jpg, 396, 1409, 452, 1437, 0.9, 0
0005219-page12.jpg, 855, 160, 942, 188, 0.93, 0
0005219-page12.jpg, 850, 198, 938, 223, 0.83, 0
0005219-page12.jpg, 287, 481, 392, 511, 0.72, 0
0005219-page12.jpg, 745, 1051, 814, 1078, 0.43, 0
0109075-page07.jpg, 875, 1335, 1005, 1365, 0.11, 0
0109075-page07.jpg, 456, 1520, 593, 1548, 0.01, 0
0109075-page07.jpg, 870, 1520, 987, 1548, 0.14, 0
0206135-page47.jpg, 959, 342, 1005, 365, 0.76, 0
0209143-page08.jpg, 541, 490, 591, 512, 0.31, 0
0209143-page08.jpg, 965, 490, 1015, 511, 0.1, 0
0209143-page08.jpg, 455, 1249, 529, 1270, 0.41, 0
0209143-page08.jpg, 738, 1466, 800, 1488, 0.86, 0
0108144-page04.jpg, 428, 1188, 513, 1218, 0.0, 0
0106213-page13.jpg, 627, 1489, 704, 1514, 0.57, 0
0206188-page14.jpg, 547, 581, 611, 609, 0.0, 0
0206188-page14.jpg, 1135, 1042, 1307, 1070, 0.34, 0
0206188-page14.jpg, 259, 1079, 319, 1107, 0.78, 0
0206188-page14.jpg, 801, 1079, 875, 1107, 0.1, 0
0206188-page14.jpg, 682, 1203, 754, 1251, 0.47, 0
0209235-page16.jpg, 1228, 435, 1276, 460, 0.63, 0
0209235-page16.jpg, 865, 1503, 915, 1528, 0.9, 0
0201149-page04.jpg, 572, 875, 626, 895, 0.86, 0
0201149-page04.jpg, 572, 940, 626, 967, 0.82, 0
0202106-page02.jpg, 235, 385, 290, 413, 0.68, 0
0202106-page02.jpg, 887, 385, 971, 413, 0.43, 0
0202106-page02.jpg, 1204, 708, 1259, 736, 0.9, 0
0202106-page02.jpg, 177, 744, 250, 770, 0.84, 0
0202106-page02.jpg, 667, 1416, 737, 1443, 0.48, 0
0202106-page02.jpg, 850, 1452, 919, 1479, 0.54, 0
0202106-page02.jpg, 300, 1486, 370, 1514, 0.34, 0
0202106-page02.jpg, 240, 1610, 309, 1637, 0.64, 0
0210054-page04.jpg, 1023, 1372, 1071, 1394, 0.22, 0
0210138-page02.jpg, 751, 1603, 810, 1625, 0.89, 0
0102066-page02.jpg, 676, 1598, 741, 1626, 0.85, 0
0303157-page07.jpg, 667, 716, 713, 737, 0.51, 0
0303157-page07.jpg, 716, 711, 762, 742, 0.72, 0
0206188-page21.jpg, 916, 179, 984, 207, 0.3, 0
0206188-page21.jpg, 535, 325, 600, 353, 0.21, 0
0206188-page21.jpg, 893, 930, 953, 957, 0.45, 0
0206188-page21.jpg, 904, 985, 964, 1013, 0.47, 0
0206188-page21.jpg, 676, 1596, 743, 1623, 0.0, 0
0206188-page21.jpg, 462, 1670, 531, 1698, 0.4, 0
0206188-page21.jpg, 511, 1747, 646, 1774, 0.27, 0
0212236-page02.jpg, 641, 1147, 700, 1175, 0.17, 0
0212236-page02.jpg, 451, 1358, 517, 1385, 0.83, 0
0212236-page02.jpg, 531, 1521, 627, 1549, 0.5, 0
0212236-page02.jpg, 677, 1521, 776, 1548, 0.76, 0
0212236-page02.jpg, 816, 1521, 914, 1549, 0.23, 0
0005174-page19.jpg, 259, 1287, 389, 1315, 0.75, 0
0005174-page19.jpg, 583, 1461, 713, 1489, 0.84, 0
0110159-page06.jpg, 1244, 186, 1330, 213, 0.9, 0
0109003-page10.jpg, 1008, 403, 1117, 431, 0.78, 0
0109003-page10.jpg, 308, 582, 385, 610, 0.49, 0
0109003-page10.jpg, 1069, 1083, 1130, 1112, 0.0, 0
0206135-page09.jpg, 334, 313, 381, 336, 0.75, 0
0206135-page09.jpg, 533, 313, 647, 336, 0.23, 0
0206135-page09.jpg, 901, 343, 947, 365, 0.91, 0
0206135-page09.jpg, 470, 478, 516, 500, 0.83, 0
0206135-page09.jpg, 965, 555, 1011, 578, 0.89, 0
0206135-page09.jpg, 674, 702, 720, 723, 0.72, 0
0206135-page09.jpg, 851, 745, 897, 767, 0.9, 0
0206135-page09.jpg, 857, 1190, 904, 1212, 0.9, 0
0206135-page09.jpg, 434, 1326, 480, 1348, 0.83, 0
0110159-page01.jpg, 962, 822, 1030, 847, 0.92, 0
0110159-page01.jpg, 665, 1119, 851, 1144, 0.78, 0
0110159-page01.jpg, 820, 1246, 1035, 1274, 0.84, 0
0110159-page01.jpg, 609, 1724, 685, 1751, 0.03, 0
0106249-page04.jpg, 325, 702, 393, 727, 0.75, 0
0106249-page04.jpg, 842, 1079, 910, 1104, 0.9, 0
0106249-page04.jpg, 554, 1112, 623, 1137, 0.76, 0
0106249-page04.jpg, 934, 1145, 1003, 1170, 0.48, 0
0106249-page04.jpg, 569, 1538, 653, 1563, 0.76, 0
0201149-page03.jpg, 675, 1471, 781, 1500, 0.03, 0
0005219-page20.jpg, 471, 1480, 524, 1508, 0.0, 0
0101232-page11.jpg, 728, 341, 843, 368, 0.31, 0
0101232-page11.jpg, 895, 1409, 967, 1437, 0.0, 0
0101232-page11.jpg, 249, 1487, 328, 1515, 0.88, 0
0202106-page05.jpg, 920, 392, 1039, 419, 0.52, 0
0202106-page05.jpg, 620, 520, 747, 548, 0.0, 0
0202106-page05.jpg, 349, 590, 422, 618, 0.55, 0
0202106-page05.jpg, 520, 661, 590, 688, 0.81, 0
0202106-page05.jpg, 961, 1340, 1080, 1371, 0.0, 0
0202106-page05.jpg, 177, 1443, 295, 1471, 0.19, 0
0202106-page05.jpg, 784, 1440, 890, 1470, 0.03, 0
0210138-page05.jpg, 1200, 217, 1255, 240, 0.85, 0
0210138-page05.jpg, 373, 306, 415, 328, 0.41, 0
0210138-page05.jpg, 1316, 442, 1365, 465, 0.68, 0
0210138-page05.jpg, 261, 526, 310, 549, 0.64, 0
0210138-page05.jpg, 801, 1279, 888, 1308, 0.09, 0
0210138-page05.jpg, 1138, 1568, 1186, 1590, 0.45, 0
0202023-page04.jpg, 518, 235, 579, 266, 0.47, 0
0202023-page04.jpg, 632, 308, 733, 337, 0.14, 0
0202023-page04.jpg, 945, 1127, 1032, 1160, 0.14, 0
0202023-page04.jpg, 156, 1239, 269, 1267, 0.0, 0
0202023-page04.jpg, 326, 1517, 398, 1548, 0.87, 0
0201202-page05.jpg, 723, 1270, 816, 1313, 0.39, 0
0206135-page07.jpg, 561, 630, 621, 653, 0.36, 0
0206135-page07.jpg, 305, 1364, 400, 1386, 0.32, 0
0001133-page03.jpg, 177, 264, 265, 291, 0.9, 0
0001133-page03.jpg, 340, 264, 422, 292, 0.8, 0
0001133-page03.jpg, 827, 264, 900, 292, 0.89, 0
0001133-page03.jpg, 945, 264, 1018, 291, 0.9, 0
0001133-page03.jpg, 1063, 264, 1125, 292, 0.81, 0
0203071-page12.jpg, 723, 856, 785, 885, 0.84, 0
0203071-page12.jpg, 465, 1213, 552, 1259, 0.0, 0
0203071-page12.jpg, 571, 1221, 634, 1254, 0.44, 0
0206188-page28.jpg, 800, 414, 865, 442, 0.06, 0
0208089-page02.jpg, 455, 1229, 553, 1257, 0.45, 0
0208089-page02.jpg, 333, 1407, 396, 1434, 0.44, 0
0208089-page02.jpg, 607, 1708, 672, 1735, 0.56, 0
0203147-page31.jpg, 903, 1344, 956, 1372, 0.6, 0
0101089-page17.jpg, 915, 468, 978, 493, 0.74, 0
0101089-page17.jpg, 256, 825, 332, 850, 0.03, 0
0101089-page17.jpg, 749, 825, 845, 850, 0.0, 0
0110083-page13.jpg, 897, 331, 959, 358, 0.43, 0
0110083-page13.jpg, 511, 955, 606, 982, 0.07, 0
0110083-page13.jpg, 377, 1166, 452, 1193, 0.8, 0
0205123-page13.jpg, 655, 754, 720, 782, 0.81, 0
0003126-page18.jpg, 612, 1392, 668, 1414, 0.0, 0
0303153-page21.jpg, 687, 310, 761, 338, 0.91, 0
0303153-page21.jpg, 321, 444, 395, 472, 0.12, 0
0303153-page21.jpg, 995, 1239, 1069, 1266, 0.64, 0
0303153-page21.jpg, 716, 1284, 790, 1311, 0.9, 0
0303153-page21.jpg, 671, 1434, 741, 1461, 0.8, 0
0303153-page21.jpg, 1101, 1434, 1174, 1461, 0.92, 0
0205123-page14.jpg, 730, 322, 784, 349, 0.46, 0
0205123-page14.jpg, 934, 322, 992, 349, 0.25, 0
0102026-page03.jpg, 1219, 1471, 1288, 1499, 0.91, 0
0102026-page03.jpg, 714, 1627, 783, 1655, 0.92, 0
0109207-page04.jpg, 373, 1565, 435, 1593, 0.88, 0
0203147-page36.jpg, 1034, 1596, 1103, 1624, 0.9, 0
0110159-page08.jpg, 601, 361, 674, 389, 0.88, 0
0110159-page08.jpg, 898, 1173, 950, 1201, 0.76, 0
0110159-page08.jpg, 1254, 1475, 1328, 1502, 0.59, 0
0110159-page08.jpg, 603, 1703, 696, 1730, 0.78, 0
